       2.5ms  TX  ──►  [2.1]  53 38 0d
              RAW: 'S8'

       2.5ms  TX  ──►  [2.1]  4f 0d
              RAW: 'O'

    1305.2ms  TX  ──►  [2.1]  52 30 32 30 35 32 63 63 61 30 0d
              RAW: 'R02052cca0'

    1305.4ms  TX  ──►  [2.1]  52 30 32 30 35 32 63 63 61 30 0d
              RAW: 'R02052cca0'

    1305.4ms  RX  ◄──  [2.1]  54 30 32 30 35 32 63 63 61 30 0d 0a
              0x02052CCA  cls=0x0b idx=3 dev=10

    1305.7ms  RX  ◄──  [2.1]  54 30 32 30 35 32 63 63 61 30 0d 0a
              0x02052CCA  cls=0x0b idx=3 dev=10

    1347.7ms  TX  ──►  [2.1]  54 30 32 30 35 30 30 38 30 38 30 30 30 30 30 30 30 30 30 30 30 30 30 30 30 30 0d
              0x02050080  cls=0x00 idx=2 dev=0

    1348.1ms  TX  ──►  [2.1]  54 30 32 30 35 30 30 38 31 38 30 30 30 30 30 30 30 30 30 30 30 30 30 30 30 30 0d
              0x02050081  cls=0x00 idx=2 dev=1

    1348.6ms  TX  ──►  [2.1]  54 30 32 30 35 30 30 38 32 38 30 30 30 30 30 30 30 30 30 30 30 30 30 30 30 30 0d
              0x02050082  cls=0x00 idx=2 dev=2

    1348.9ms  TX  ──►  [2.1]  54 30 32 30 35 30 30 38 33 38 30 30 30 30 30 30 30 30 30 30 30 30 30 30 30 30 0d
              0x02050083  cls=0x00 idx=2 dev=3

    1349.3ms  TX  ──►  [2.1]  54 30 32 30 35 30 30 38 34 38 30 30 30 30 30 30 30 30 30 30 30 30 30 30 30 30 0d
              0x02050084  cls=0x00 idx=2 dev=4

    1349.7ms  TX  ──►  [2.1]  54 30 32 30 35 30 30 38 35 38 30 30 30 30 30 30 30 30 30 30 30 30 30 30 30 30 0d
              0x02050085  cls=0x00 idx=2 dev=5

    1350.1ms  TX  ──►  [2.1]  54 30 32 30 35 30 30 38 36 38 30 30 30 30 30 30 30 30 30 30 30 30 30 30 30 30 0d
              0x02050086  cls=0x00 idx=2 dev=6

    1350.4ms  TX  ──►  [2.1]  54 30 32 30 35 30 30 38 37 38 30 30 30 30 30 30 30 30 30 30 30 30 30 30 30 30 0d
              0x02050087  cls=0x00 idx=2 dev=7

    1350.8ms  TX  ──►  [2.1]  54 30 32 30 35 30 30 38 38 38 30 30 30 30 30 30 30 30 30 30 30 30 30 30 30 30 0d
              0x02050088  cls=0x00 idx=2 dev=8

    1351.2ms  TX  ──►  [2.1]  54 30 32 30 35 30 30 38 39 38 30 30 30 30 30 30 30 30 30 30 30 30 30 30 30 30 0d
              0x02050089  cls=0x00 idx=2 dev=9

    1351.5ms  TX  ──►  [2.1]  54 30 32 30 35 30 30 38 61 38 30 30 30 30 30 30 30 30 30 30 30 30 30 30 30 30 0d
              0x0205008A  cls=0x00 idx=2 dev=10

    1351.8ms  TX  ──►  [2.1]  54 30 32 30 35 30 30 38 62 38 30 30 30 30 30 30 30 30 30 30 30 30 30 30 30 30 0d
              0x0205008B  cls=0x00 idx=2 dev=11

    1352.1ms  TX  ──►  [2.1]  54 30 32 30 35 30 30 38 63 38 30 30 30 30 30 30 30 30 30 30 30 30 30 30 30 30 0d
              0x0205008C  cls=0x00 idx=2 dev=12

    1352.4ms  TX  ──►  [2.1]  54 30 32 30 35 30 30 38 64 38 30 30 30 30 30 30 30 30 30 30 30 30 30 30 30 30 0d
              0x0205008D  cls=0x00 idx=2 dev=13

    1352.8ms  TX  ──►  [2.1]  54 30 32 30 35 30 30 38 65 38 30 30 30 30 30 30 30 30 30 30 30 30 30 30 30 30 0d
              0x0205008E  cls=0x00 idx=2 dev=14

    1354.5ms  TX  ──►  [2.1]  54 30 32 30 35 30 30 38 66 38 30 30 30 30 30 30 30 30 30 30 30 30 30 30 30 30 0d
              0x0205008F  cls=0x00 idx=2 dev=15

    1354.8ms  TX  ──►  [2.1]  54 30 32 30 35 30 30 39 30 38 30 30 30 30 30 30 30 30 30 30 30 30 30 30 30 30 0d
              0x02050090  cls=0x00 idx=2 dev=16

    1355.1ms  TX  ──►  [2.1]  54 30 32 30 35 30 30 39 31 38 30 30 30 30 30 30 30 30 30 30 30 30 30 30 30 30 0d
              0x02050091  cls=0x00 idx=2 dev=17

    1355.4ms  TX  ──►  [2.1]  54 30 32 30 35 30 30 39 32 38 30 30 30 30 30 30 30 30 30 30 30 30 30 30 30 30 0d
              0x02050092  cls=0x00 idx=2 dev=18

    1355.7ms  TX  ──►  [2.1]  54 30 32 30 35 30 30 39 33 38 30 30 30 30 30 30 30 30 30 30 30 30 30 30 30 30 0d
              0x02050093  cls=0x00 idx=2 dev=19

    1356.4ms  TX  ──►  [2.1]  54 30 32 30 35 30 30 39 34 38 30 30 30 30 30 30 30 30 30 30 30 30 30 30 30 30 0d
              0x02050094  cls=0x00 idx=2 dev=20

    1356.7ms  TX  ──►  [2.1]  54 30 32 30 35 30 30 39 35 38 30 30 30 30 30 30 30 30 30 30 30 30 30 30 30 30 0d
              0x02050095  cls=0x00 idx=2 dev=21

    1357.0ms  TX  ──►  [2.1]  54 30 32 30 35 30 30 39 36 38 30 30 30 30 30 30 30 30 30 30 30 30 30 30 30 30 0d
              0x02050096  cls=0x00 idx=2 dev=22

    1357.3ms  TX  ──►  [2.1]  54 30 32 30 35 30 30 39 37 38 30 30 30 30 30 30 30 30 30 30 30 30 30 30 30 30 0d
              0x02050097  cls=0x00 idx=2 dev=23

    1357.6ms  TX  ──►  [2.1]  54 30 32 30 35 30 30 39 38 38 30 30 30 30 30 30 30 30 30 30 30 30 30 30 30 30 0d
              0x02050098  cls=0x00 idx=2 dev=24

    1357.9ms  TX  ──►  [2.1]  54 30 32 30 35 30 30 39 39 38 30 30 30 30 30 30 30 30 30 30 30 30 30 30 30 30 0d
              0x02050099  cls=0x00 idx=2 dev=25

    1358.2ms  TX  ──►  [2.1]  54 30 32 30 35 30 30 39 61 38 30 30 30 30 30 30 30 30 30 30 30 30 30 30 30 30 0d
              0x0205009A  cls=0x00 idx=2 dev=26

    1358.5ms  TX  ──►  [2.1]  54 30 32 30 35 30 30 39 62 38 30 30 30 30 30 30 30 30 30 30 30 30 30 30 30 30 0d
              0x0205009B  cls=0x00 idx=2 dev=27

    1358.9ms  TX  ──►  [2.1]  54 30 32 30 35 30 30 39 63 38 30 30 30 30 30 30 30 30 30 30 30 30 30 30 30 30 0d
              0x0205009C  cls=0x00 idx=2 dev=28

    1359.2ms  TX  ──►  [2.1]  54 30 32 30 35 30 30 39 64 38 30 30 30 30 30 30 30 30 30 30 30 30 30 30 30 30 0d
              0x0205009D  cls=0x00 idx=2 dev=29

    1359.6ms  TX  ──►  [2.1]  54 30 32 30 35 30 30 39 65 38 30 30 30 30 30 30 30 30 30 30 30 30 30 30 30 30 0d
              0x0205009E  cls=0x00 idx=2 dev=30

    1359.9ms  TX  ──►  [2.1]  54 30 32 30 35 30 30 39 66 38 30 30 30 30 30 30 30 30 30 30 30 30 30 30 30 30 0d
              0x0205009F  cls=0x00 idx=2 dev=31

    1360.1ms  TX  ──►  [2.1]  54 30 32 30 35 30 30 61 30 38 30 30 30 30 30 30 30 30 30 30 30 30 30 30 30 30 0d
              0x020500A0  cls=0x00 idx=2 dev=32

    1360.4ms  TX  ──►  [2.1]  54 30 32 30 35 30 30 61 31 38 30 30 30 30 30 30 30 30 30 30 30 30 30 30 30 30 0d
              0x020500A1  cls=0x00 idx=2 dev=33

    1360.7ms  TX  ──►  [2.1]  54 30 32 30 35 30 30 61 32 38 30 30 30 30 30 30 30 30 30 30 30 30 30 30 30 30 0d
              0x020500A2  cls=0x00 idx=2 dev=34

    1361.0ms  TX  ──►  [2.1]  54 30 32 30 35 30 30 61 33 38 30 30 30 30 30 30 30 30 30 30 30 30 30 30 30 30 0d
              0x020500A3  cls=0x00 idx=2 dev=35

    1361.3ms  TX  ──►  [2.1]  54 30 32 30 35 30 30 61 34 38 30 30 30 30 30 30 30 30 30 30 30 30 30 30 30 30 0d
              0x020500A4  cls=0x00 idx=2 dev=36

    1361.6ms  TX  ──►  [2.1]  54 30 32 30 35 30 30 61 35 38 30 30 30 30 30 30 30 30 30 30 30 30 30 30 30 30 0d
              0x020500A5  cls=0x00 idx=2 dev=37

    1361.9ms  TX  ──►  [2.1]  54 30 32 30 35 30 30 61 36 38 30 30 30 30 30 30 30 30 30 30 30 30 30 30 30 30 0d
              0x020500A6  cls=0x00 idx=2 dev=38

    1362.4ms  TX  ──►  [2.1]  54 30 32 30 35 30 30 61 37 38 30 30 30 30 30 30 30 30 30 30 30 30 30 30 30 30 0d
              0x020500A7  cls=0x00 idx=2 dev=39

    1363.3ms  TX  ──►  [2.1]  54 30 32 30 35 30 30 61 38 38 30 30 30 30 30 30 30 30 30 30 30 30 30 30 30 30 0d
              0x020500A8  cls=0x00 idx=2 dev=40

    1363.6ms  TX  ──►  [2.1]  54 30 32 30 35 30 30 61 39 38 30 30 30 30 30 30 30 30 30 30 30 30 30 30 30 30 0d
              0x020500A9  cls=0x00 idx=2 dev=41

    1363.9ms  TX  ──►  [2.1]  54 30 32 30 35 30 30 61 61 38 30 30 30 30 30 30 30 30 30 30 30 30 30 30 30 30 0d
              0x020500AA  cls=0x00 idx=2 dev=42

    1364.2ms  TX  ──►  [2.1]  54 30 32 30 35 30 30 61 62 38 30 30 30 30 30 30 30 30 30 30 30 30 30 30 30 30 0d
              0x020500AB  cls=0x00 idx=2 dev=43

    1364.4ms  TX  ──►  [2.1]  54 30 32 30 35 30 30 61 63 38 30 30 30 30 30 30 30 30 30 30 30 30 30 30 30 30 0d
              0x020500AC  cls=0x00 idx=2 dev=44

    1364.7ms  TX  ──►  [2.1]  54 30 32 30 35 30 30 61 64 38 30 30 30 30 30 30 30 30 30 30 30 30 30 30 30 30 0d
              0x020500AD  cls=0x00 idx=2 dev=45

    1365.0ms  TX  ──►  [2.1]  54 30 32 30 35 30 30 61 65 38 30 30 30 30 30 30 30 30 30 30 30 30 30 30 30 30 0d
              0x020500AE  cls=0x00 idx=2 dev=46

    1365.4ms  TX  ──►  [2.1]  54 30 32 30 35 30 30 61 66 38 30 30 30 30 30 30 30 30 30 30 30 30 30 30 30 30 0d
              0x020500AF  cls=0x00 idx=2 dev=47

    1365.7ms  TX  ──►  [2.1]  54 30 32 30 35 30 30 62 30 38 30 30 30 30 30 30 30 30 30 30 30 30 30 30 30 30 0d
              0x020500B0  cls=0x00 idx=2 dev=48

    1366.0ms  TX  ──►  [2.1]  54 30 32 30 35 30 30 62 31 38 30 30 30 30 30 30 30 30 30 30 30 30 30 30 30 30 0d
              0x020500B1  cls=0x00 idx=2 dev=49

    1366.3ms  TX  ──►  [2.1]  54 30 32 30 35 30 30 62 32 38 30 30 30 30 30 30 30 30 30 30 30 30 30 30 30 30 0d
              0x020500B2  cls=0x00 idx=2 dev=50

    1366.5ms  TX  ──►  [2.1]  54 30 32 30 35 30 30 62 33 38 30 30 30 30 30 30 30 30 30 30 30 30 30 30 30 30 0d
              0x020500B3  cls=0x00 idx=2 dev=51

    1366.7ms  TX  ──►  [2.1]  54 30 32 30 35 30 30 62 34 38 30 30 30 30 30 30 30 30 30 30 30 30 30 30 30 30 0d
              0x020500B4  cls=0x00 idx=2 dev=52

    1366.9ms  TX  ──►  [2.1]  54 30 32 30 35 30 30 62 35 38 30 30 30 30 30 30 30 30 30 30 30 30 30 30 30 30 0d
              0x020500B5  cls=0x00 idx=2 dev=53

    1367.2ms  TX  ──►  [2.1]  54 30 32 30 35 30 30 62 36 38 30 30 30 30 30 30 30 30 30 30 30 30 30 30 30 30 0d
              0x020500B6  cls=0x00 idx=2 dev=54

    1367.5ms  TX  ──►  [2.1]  54 30 32 30 35 30 30 62 37 38 30 30 30 30 30 30 30 30 30 30 30 30 30 30 30 30 0d
              0x020500B7  cls=0x00 idx=2 dev=55

    1367.8ms  TX  ──►  [2.1]  54 30 32 30 35 30 30 62 38 38 30 30 30 30 30 30 30 30 30 30 30 30 30 30 30 30 0d
              0x020500B8  cls=0x00 idx=2 dev=56

    1368.1ms  TX  ──►  [2.1]  54 30 32 30 35 30 30 62 39 38 30 30 30 30 30 30 30 30 30 30 30 30 30 30 30 30 0d
              0x020500B9  cls=0x00 idx=2 dev=57

    1368.4ms  TX  ──►  [2.1]  54 30 32 30 35 30 30 62 61 38 30 30 30 30 30 30 30 30 30 30 30 30 30 30 30 30 0d
              0x020500BA  cls=0x00 idx=2 dev=58

    1368.7ms  TX  ──►  [2.1]  54 30 32 30 35 30 30 62 62 38 30 30 30 30 30 30 30 30 30 30 30 30 30 30 30 30 0d
              0x020500BB  cls=0x00 idx=2 dev=59

    1369.0ms  TX  ──►  [2.1]  54 30 32 30 35 30 30 62 63 38 30 30 30 30 30 30 30 30 30 30 30 30 30 30 30 30 0d
              0x020500BC  cls=0x00 idx=2 dev=60

    1369.3ms  TX  ──►  [2.1]  54 30 32 30 35 30 30 62 64 38 30 30 30 30 30 30 30 30 30 30 30 30 30 30 30 30 0d
              0x020500BD  cls=0x00 idx=2 dev=61

    1369.6ms  TX  ──►  [2.1]  54 30 32 30 35 30 30 62 65 38 30 30 30 30 30 30 30 30 30 30 30 30 30 30 30 30 0d
              0x020500BE  cls=0x00 idx=2 dev=62

    1377.0ms  TX  ──►  [2.1]  52 30 32 30 35 32 36 30 61 38 62 30 65 62 30 66 36 63 37 30 30 30 30 30 30 30 0d
              RAW: 'R0205260a8b0eb0f6c70000000'

    1377.3ms  RX  ◄──  [2.1]  54 30 32 30 35 32 36 30 61 38 31 61 30 31 30 30 30 34 30 30 34 35 31 33 30 30 0d 0a
              0x0205260A  cls=0x09 idx=8 dev=10

    1395.2ms  TX  ──►  [2.1]  52 30 32 30 35 34 66 34 61 38 30 30 65 61 30 66 36 63 37 30 30 30 30 30 30 30 0d
              RAW: 'R02054f4a800ea0f6c70000000'

    1395.5ms  RX  ◄──  [2.1]  54 30 32 30 35 34 66 34 61 38 30 30 30 30 30 30 30 30 35 38 32 31 30 30 30 30 0d 0a
              0x02054F4A  cls=0x13 idx=13 dev=10

    5151.3ms  TX  ──►  [2.1]  52 30 32 30 35 32 36 30 61 38 30 30 30 30 30 30 30 30 30 30 30 30 30 30 30 30 0d
              RAW: 'R0205260a80000000000000000'

    5151.5ms  TX  ──►  [2.1]  52 30 32 30 35 32 36 30 61 38 30 30 30 30 30 30 30 30 30 30 30 30 30 30 30 30 0d
              RAW: 'R0205260a80000000000000000'

    5151.7ms  RX  ◄──  [2.1]  54 30 32 30 35 32 36 30 61 38 31 61 30 31 30 30 30 34 30 30 34 35 31 33 30 30 0d 0a
              0x0205260A  cls=0x09 idx=8 dev=10

    5151.9ms  RX  ◄──  [2.1]  54 30 32 30 35 32 36 30 61 38 31 61 30 31 30 30 30 34 30 30 34 35 31 33 30 30 0d 0a
              0x0205260A  cls=0x09 idx=8 dev=10

    7012.9ms  TX  ──►  [2.1]  52 30 32 30 35 32 36 30 61 38 30 30 30 30 30 30 30 30 30 30 30 30 30 30 30 30 0d
              RAW: 'R0205260a80000000000000000'

    7013.1ms  TX  ──►  [2.1]  52 30 32 30 35 32 36 30 61 38 30 30 30 30 30 30 30 30 30 30 30 30 30 30 30 30 0d
              RAW: 'R0205260a80000000000000000'

    7013.2ms  RX  ◄──  [2.1]  54 30 32 30 35 32 36 30 61 38 31 61 30 31 30 30 30 34 30 30 34 35 31 33 30 30 0d 0a
              0x0205260A  cls=0x09 idx=8 dev=10

    7014.6ms  RX  ◄──  [2.1]  54 30 32 30 35 32 36 30 61 38 31 61 30 31 30 30 30 34 30 30 34 35 31 33 30 30 0d 0a
              0x0205260A  cls=0x09 idx=8 dev=10

    9093.3ms  TX  ──►  [2.1]  52 30 32 30 35 33 63 34 61 38 30 30 30 30 30 30 30 30 30 30 30 30 30 30 30 30 0d
              RAW: 'R02053c4a80000000000000000'

    9093.4ms  TX  ──►  [2.1]  52 30 32 30 35 33 63 34 61 38 30 30 30 30 30 30 30 30 30 30 30 30 30 30 30 30 0d
              RAW: 'R02053c4a80000000000000000'

    9094.3ms  RX  ◄──  [2.1]  54 30 32 30 35 33 63 34 61 38 30 31 30 30 30 30 30 30 30 30 30 30 30 30 30 30 0d 0a
              0x02053C4A  cls=0x0f idx=1 dev=10

    9094.4ms  RX  ◄──  [2.1]  54 30 32 30 35 33 63 34 61 38 30 31 30 30 30 30 30 30 30 30 30 30 30 30 30 30 0d 0a
              0x02053C4A  cls=0x0f idx=1 dev=10

    9120.0ms  TX  ──►  [2.1]  52 30 32 30 35 33 63 63 61 38 30 30 30 30 30 30 30 30 30 30 30 30 30 30 30 30 0d
              RAW: 'R02053cca80000000000000000'

    9120.2ms  TX  ──►  [2.1]  52 30 32 30 35 33 63 63 61 38 30 30 30 30 30 30 30 30 30 30 30 30 30 30 30 30 0d
              RAW: 'R02053cca80000000000000000'

    9120.4ms  RX  ◄──  [2.1]  54 30 32 30 35 33 63 63 61 38 30 30 30 30 30 30 30 30 30 61 64 37 61 33 33 63 0d 0a
              0x02053CCA  cls=0x0f idx=3 dev=10

    9120.6ms  RX  ◄──  [2.1]  54 30 32 30 35 33 63 63 61 38 30 30 30 30 30 30 30 30 30 61 64 37 61 33 33 63 0d 0a
              0x02053CCA  cls=0x0f idx=3 dev=10

    9133.4ms  TX  ──►  [2.1]  52 30 32 30 35 33 63 63 61 38 30 30 30 30 30 30 30 30 30 30 30 30 30 30 30 30 0d
              RAW: 'R02053cca80000000000000000'

    9133.6ms  TX  ──►  [2.1]  52 30 32 30 35 33 63 63 61 38 30 30 30 30 30 30 30 30 30 30 30 30 30 30 30 30 0d
              RAW: 'R02053cca80000000000000000'

    9134.3ms  RX  ◄──  [2.1]  54 30 32 30 35 33 63 63 61 38 30 30 30 30 30 30 30 30 30 61 64 37 61 33 33 63 0d 0a
              0x02053CCA  cls=0x0f idx=3 dev=10

    9134.4ms  RX  ◄──  [2.1]  54 30 32 30 35 33 63 63 61 38 30 30 30 30 30 30 30 30 30 61 64 37 61 33 33 63 0d 0a
              0x02053CCA  cls=0x0f idx=3 dev=10

    9157.7ms  TX  ──►  [2.1]  52 30 32 30 35 34 31 38 61 38 30 30 30 30 30 30 30 30 30 30 30 30 30 30 30 30 0d
              RAW: 'R0205418a80000000000000000'

    9157.9ms  TX  ──►  [2.1]  52 30 32 30 35 34 31 38 61 38 30 30 30 30 30 30 30 30 30 30 30 30 30 30 30 30 0d
              RAW: 'R0205418a80000000000000000'

    9158.0ms  RX  ◄──  [2.1]  54 30 32 30 35 34 31 38 61 38 30 30 30 30 38 30 33 66 30 31 30 30 30 30 30 30 0d 0a
              0x0205418A  cls=0x10 idx=6 dev=10

    9158.2ms  RX  ◄──  [2.1]  54 30 32 30 35 34 31 38 61 38 30 30 30 30 38 30 33 66 30 31 30 30 30 30 30 30 0d 0a
              0x0205418A  cls=0x10 idx=6 dev=10

    9191.8ms  TX  ──►  [2.1]  52 30 32 30 35 34 33 30 61 38 30 30 30 30 30 30 30 30 30 30 30 30 30 30 30 30 0d
              RAW: 'R0205430a80000000000000000'

    9192.0ms  TX  ──►  [2.1]  52 30 32 30 35 34 33 30 61 38 30 30 30 30 30 30 30 30 30 30 30 30 30 30 30 30 0d
              RAW: 'R0205430a80000000000000000'

    9192.2ms  RX  ◄──  [2.1]  54 30 32 30 35 34 33 30 61 38 30 30 30 30 30 30 33 66 30 30 30 30 30 30 30 30 0d 0a
              0x0205430A  cls=0x10 idx=12 dev=10

    9192.4ms  RX  ◄──  [2.1]  54 30 32 30 35 34 33 30 61 38 30 30 30 30 30 30 33 66 30 30 30 30 30 30 30 30 0d 0a
              0x0205430A  cls=0x10 idx=12 dev=10

   13122.5ms  TX  ──►  [2.1]  54 30 32 30 35 33 38 30 61 35 30 37 30 30 30 30 30 30 33 66 0d
              0x0205380A  cls=0x0e idx=0 dev=10

   13122.8ms  RX  ◄──  [2.1]  54 30 32 30 35 33 38 34 61 37 30 37 30 33 30 30 30 30 30 30 33 66 30 34 0d 0a
              0x0205384A  cls=0x0e idx=1 dev=10

   13144.5ms  TX  ──►  [2.1]  52 30 32 30 35 33 63 63 61 38 30 30 30 30 30 30 30 30 30 30 30 30 30 30 30 30 0d
              RAW: 'R02053cca80000000000000000'

   13144.6ms  TX  ──►  [2.1]  52 30 32 30 35 33 63 63 61 38 30 30 30 30 30 30 30 30 30 30 30 30 30 30 30 30 0d
              RAW: 'R02053cca80000000000000000'

   13144.8ms  RX  ◄──  [2.1]  54 30 32 30 35 33 63 63 61 38 30 30 30 30 30 30 30 30 30 61 64 37 61 33 33 63 0d 0a
              0x02053CCA  cls=0x0f idx=3 dev=10

   13145.0ms  RX  ◄──  [2.1]  54 30 32 30 35 33 63 63 61 38 30 30 30 30 30 30 30 30 30 61 64 37 61 33 33 63 0d 0a
              0x02053CCA  cls=0x0f idx=3 dev=10

   17551.8ms  TX  ──►  [2.1]  54 30 32 30 35 33 38 30 61 35 30 37 30 61 64 37 32 33 33 63 0d
              0x0205380A  cls=0x0e idx=0 dev=10

   17552.1ms  RX  ◄──  [2.1]  54 30 32 30 35 33 38 34 61 37 30 37 30 33 30 61 64 37 32 33 33 63 30 30 0d 0a
              0x0205384A  cls=0x0e idx=1 dev=10

   17565.0ms  TX  ──►  [2.1]  52 30 32 30 35 33 63 63 61 38 30 30 30 30 30 30 30 30 30 30 30 30 30 30 30 30 0d
              RAW: 'R02053cca80000000000000000'

   17565.2ms  TX  ──►  [2.1]  52 30 32 30 35 33 63 63 61 38 30 30 30 30 30 30 30 30 30 30 30 30 30 30 30 30 0d
              RAW: 'R02053cca80000000000000000'

   17565.3ms  RX  ◄──  [2.1]  54 30 32 30 35 33 63 63 61 38 30 30 30 30 30 30 30 30 30 61 64 37 32 33 33 63 0d 0a
              0x02053CCA  cls=0x0f idx=3 dev=10

   17565.5ms  RX  ◄──  [2.1]  54 30 32 30 35 33 63 63 61 38 30 30 30 30 30 30 30 30 30 61 64 37 32 33 33 63 0d 0a
              0x02053CCA  cls=0x0f idx=3 dev=10

   18692.8ms  TX  ──►  [2.1]  54 30 32 30 35 66 66 63 61 32 61 33 33 61 0d
              0x0205FFCA  cls=0x3f idx=15 dev=10

   18817.1ms  RX  ◄──  [2.1]  54 30 32 30 35 30 35 30 61 31 30 30 0d 0a
              0x0205050A  OLD PROTO cls=1 idx=4 dev=10  payload=00

