       0.0ms  TX  ──►  [1.3]  54 30 32 30 35 30 32 32 39 38 30 38 61 63 35 61 34 31 30 30 30 30 30 30 30 30 0d
              0x02050229  cls=0x00 idx=8 dev=41

      20.5ms  TX  ──►  [1.3]  54 30 32 30 35 30 32 32 39 38 30 38 61 63 35 61 34 31 30 30 30 30 30 30 30 30 0d
              0x02050229  cls=0x00 idx=8 dev=41

      41.7ms  TX  ──►  [1.3]  54 30 32 30 35 30 32 32 39 38 30 38 61 63 35 61 34 31 30 30 30 30 30 30 30 30 0d
              0x02050229  cls=0x00 idx=8 dev=41

      61.1ms  TX  ──►  [1.3]  54 30 32 30 35 30 32 32 39 38 30 38 61 63 35 61 34 31 30 30 30 30 30 30 30 30 0d
              0x02050229  cls=0x00 idx=8 dev=41

      81.6ms  TX  ──►  [1.3]  54 30 32 30 35 30 32 32 39 38 30 38 61 63 35 61 34 31 30 30 30 30 30 30 30 30 0d
              0x02050229  cls=0x00 idx=8 dev=41

     102.2ms  TX  ──►  [1.3]  54 30 32 30 35 30 32 32 39 38 30 38 61 63 35 61 34 31 30 30 30 30 30 30 30 30 0d
              0x02050229  cls=0x00 idx=8 dev=41

     122.0ms  TX  ──►  [1.3]  54 30 32 30 35 30 32 32 39 38 30 38 61 63 35 61 34 31 30 30 30 30 30 30 30 30 0d
              0x02050229  cls=0x00 idx=8 dev=41

     142.2ms  TX  ──►  [1.3]  54 30 32 30 35 30 32 32 39 38 30 38 61 63 35 61 34 31 30 30 30 30 30 30 30 30 0d
              0x02050229  cls=0x00 idx=8 dev=41

     162.8ms  TX  ──►  [1.3]  54 30 32 30 35 30 32 32 39 38 30 38 61 63 35 61 34 31 30 30 30 30 30 30 30 30 0d
              0x02050229  cls=0x00 idx=8 dev=41

     185.8ms  TX  ──►  [1.3]  54 30 32 30 35 30 32 32 39 38 30 38 61 63 35 61 34 31 30 30 30 30 30 30 30 30 0d
              0x02050229  cls=0x00 idx=8 dev=41

     206.9ms  TX  ──►  [1.3]  54 30 32 30 35 30 32 32 39 38 30 38 61 63 35 61 34 31 30 30 30 30 30 30 30 30 0d
              0x02050229  cls=0x00 idx=8 dev=41

     229.1ms  TX  ──►  [1.3]  54 30 32 30 35 30 32 32 39 38 30 38 61 63 35 61 34 31 30 30 30 30 30 30 30 30 0d
              0x02050229  cls=0x00 idx=8 dev=41

     251.3ms  TX  ──►  [1.3]  54 30 32 30 35 30 32 32 39 38 30 38 61 63 35 61 34 31 30 30 30 30 30 30 30 30 0d
              0x02050229  cls=0x00 idx=8 dev=41

     281.5ms  TX  ──►  [1.3]  54 30 32 30 35 30 32 32 39 38 30 38 61 63 35 61 34 31 30 30 30 30 30 30 30 30 0d
              0x02050229  cls=0x00 idx=8 dev=41

     301.0ms  TX  ──►  [1.3]  54 30 32 30 35 30 32 32 39 38 30 38 61 63 35 61 34 31 30 30 30 30 30 30 30 30 0d
              0x02050229  cls=0x00 idx=8 dev=41

     332.4ms  TX  ──►  [1.3]  54 30 32 30 35 30 32 32 39 38 30 38 61 63 35 61 34 31 30 30 30 30 30 30 30 30 0d
              0x02050229  cls=0x00 idx=8 dev=41

     355.0ms  TX  ──►  [1.3]  54 30 32 30 35 30 32 32 39 38 30 38 61 63 35 61 34 31 30 30 30 30 30 30 30 30 0d
              0x02050229  cls=0x00 idx=8 dev=41

     375.6ms  TX  ──►  [1.3]  54 30 32 30 35 30 32 32 39 38 30 38 61 63 35 61 34 31 30 30 30 30 30 30 30 30 0d
              0x02050229  cls=0x00 idx=8 dev=41

     395.9ms  TX  ──►  [1.3]  54 30 32 30 35 30 32 32 39 38 30 38 61 63 35 61 34 31 30 30 30 30 30 30 30 30 0d
              0x02050229  cls=0x00 idx=8 dev=41

     416.5ms  TX  ──►  [1.3]  54 30 32 30 35 30 32 32 39 38 30 38 61 63 35 61 34 31 30 30 30 30 30 30 30 30 0d
              0x02050229  cls=0x00 idx=8 dev=41

     437.4ms  TX  ──►  [1.3]  54 30 32 30 35 30 32 32 39 38 30 38 61 63 35 61 34 31 30 30 30 30 30 30 30 30 0d
              0x02050229  cls=0x00 idx=8 dev=41

     457.6ms  TX  ──►  [1.3]  54 30 32 30 35 30 32 32 39 38 30 38 61 63 35 61 34 31 30 30 30 30 30 30 30 30 0d
              0x02050229  cls=0x00 idx=8 dev=41

     478.1ms  TX  ──►  [1.3]  54 30 32 30 35 30 32 32 39 38 30 38 61 63 35 61 34 31 30 30 30 30 30 30 30 30 0d
              0x02050229  cls=0x00 idx=8 dev=41

     499.4ms  TX  ──►  [1.3]  54 30 32 30 35 30 32 32 39 38 30 38 61 63 35 61 34 31 30 30 30 30 30 30 30 30 0d
              0x02050229  cls=0x00 idx=8 dev=41

     519.2ms  TX  ──►  [1.3]  54 30 32 30 35 30 32 32 39 38 30 38 61 63 35 61 34 31 30 30 30 30 30 30 30 30 0d
              0x02050229  cls=0x00 idx=8 dev=41

     540.2ms  TX  ──►  [1.3]  54 30 32 30 35 30 32 32 39 38 30 38 61 63 35 61 34 31 30 30 30 30 30 30 30 30 0d
              0x02050229  cls=0x00 idx=8 dev=41

     562.2ms  TX  ──►  [1.3]  54 30 32 30 35 30 32 32 39 38 30 38 61 63 35 61 34 31 30 30 30 30 30 30 30 30 0d
              0x02050229  cls=0x00 idx=8 dev=41

     585.6ms  TX  ──►  [1.3]  54 30 32 30 35 30 32 32 39 38 30 38 61 63 35 61 34 31 30 30 30 30 30 30 30 30 0d
              0x02050229  cls=0x00 idx=8 dev=41

     606.6ms  TX  ──►  [1.3]  54 30 32 30 35 30 32 32 39 38 30 38 61 63 35 61 34 31 30 30 30 30 30 30 30 30 0d
              0x02050229  cls=0x00 idx=8 dev=41

     628.9ms  TX  ──►  [1.3]  54 30 32 30 35 30 32 32 39 38 30 38 61 63 35 61 34 31 30 30 30 30 30 30 30 30 0d
              0x02050229  cls=0x00 idx=8 dev=41

     651.5ms  TX  ──►  [1.3]  54 30 32 30 35 30 32 32 39 38 30 38 61 63 35 61 34 31 30 30 30 30 30 30 30 30 0d
              0x02050229  cls=0x00 idx=8 dev=41

     672.8ms  TX  ──►  [1.3]  54 30 32 30 35 30 32 32 39 38 30 38 61 63 35 61 34 31 30 30 30 30 30 30 30 30 0d
              0x02050229  cls=0x00 idx=8 dev=41

     695.3ms  TX  ──►  [1.3]  54 30 32 30 35 30 32 32 39 38 30 38 61 63 35 61 34 31 30 30 30 30 30 30 30 30 0d
              0x02050229  cls=0x00 idx=8 dev=41

     720.9ms  TX  ──►  [1.3]  54 30 32 30 35 30 32 32 39 38 30 38 61 63 35 61 34 31 30 30 30 30 30 30 30 30 0d
              0x02050229  cls=0x00 idx=8 dev=41

     748.2ms  TX  ──►  [1.3]  54 30 32 30 35 30 32 32 39 38 30 38 61 63 35 61 34 31 30 30 30 30 30 30 30 30 0d
              0x02050229  cls=0x00 idx=8 dev=41

     771.8ms  TX  ──►  [1.3]  54 30 32 30 35 30 32 32 39 38 30 38 61 63 35 61 34 31 30 30 30 30 30 30 30 30 0d
              0x02050229  cls=0x00 idx=8 dev=41

     797.7ms  TX  ──►  [1.3]  54 30 32 30 35 30 32 32 39 38 30 38 61 63 35 61 34 31 30 30 30 30 30 30 30 30 0d
              0x02050229  cls=0x00 idx=8 dev=41

     820.9ms  TX  ──►  [1.3]  54 30 32 30 35 30 32 32 39 38 30 38 61 63 35 61 34 31 30 30 30 30 30 30 30 30 0d
              0x02050229  cls=0x00 idx=8 dev=41

     847.2ms  TX  ──►  [1.3]  54 30 32 30 35 30 32 32 39 38 30 38 61 63 35 61 34 31 30 30 30 30 30 30 30 30 0d
              0x02050229  cls=0x00 idx=8 dev=41

     871.9ms  TX  ──►  [1.3]  54 30 32 30 35 30 32 32 39 38 30 38 61 63 35 61 34 31 30 30 30 30 30 30 30 30 0d
              0x02050229  cls=0x00 idx=8 dev=41

     898.2ms  TX  ──►  [1.3]  54 30 32 30 35 30 32 32 39 38 30 38 61 63 35 61 34 31 30 30 30 30 30 30 30 30 0d
              0x02050229  cls=0x00 idx=8 dev=41

     929.8ms  TX  ──►  [1.3]  54 30 32 30 35 30 32 32 39 38 30 38 61 63 35 61 34 31 30 30 30 30 30 30 30 30 0d
              0x02050229  cls=0x00 idx=8 dev=41

     961.1ms  TX  ──►  [1.3]  54 30 32 30 35 30 32 32 39 38 30 38 61 63 35 61 34 31 30 30 30 30 30 30 30 30 0d
              0x02050229  cls=0x00 idx=8 dev=41

     991.8ms  TX  ──►  [1.3]  54 30 32 30 35 30 32 32 39 38 30 38 61 63 35 61 34 31 30 30 30 30 30 30 30 30 0d
              0x02050229  cls=0x00 idx=8 dev=41

    1021.5ms  TX  ──►  [1.3]  54 30 32 30 35 30 32 32 39 38 30 38 61 63 35 61 34 31 30 30 30 30 30 30 30 30 0d
              0x02050229  cls=0x00 idx=8 dev=41

    1041.3ms  TX  ──►  [1.3]  54 30 32 30 35 30 32 32 39 38 30 38 61 63 35 61 34 31 30 30 30 30 30 30 30 30 0d
              0x02050229  cls=0x00 idx=8 dev=41

    1062.1ms  TX  ──►  [1.3]  54 30 32 30 35 30 32 32 39 38 30 38 61 63 35 61 34 31 30 30 30 30 30 30 30 30 0d
              0x02050229  cls=0x00 idx=8 dev=41

    1083.0ms  TX  ──►  [1.3]  54 30 32 30 35 30 32 32 39 38 30 38 61 63 35 61 34 31 30 30 30 30 30 30 30 30 0d
              0x02050229  cls=0x00 idx=8 dev=41

    1103.0ms  TX  ──►  [1.3]  54 30 32 30 35 30 32 32 39 38 30 38 61 63 35 61 34 31 30 30 30 30 30 30 30 30 0d
              0x02050229  cls=0x00 idx=8 dev=41

    1123.3ms  TX  ──►  [1.3]  54 30 32 30 35 30 32 32 39 38 30 38 61 63 35 61 34 31 30 30 30 30 30 30 30 30 0d
              0x02050229  cls=0x00 idx=8 dev=41

    1144.2ms  TX  ──►  [1.3]  54 30 32 30 35 30 32 32 39 38 30 38 61 63 35 61 34 31 30 30 30 30 30 30 30 30 0d
              0x02050229  cls=0x00 idx=8 dev=41

    1164.5ms  TX  ──►  [1.3]  54 30 32 30 35 30 32 32 39 38 30 38 61 63 35 61 34 31 30 30 30 30 30 30 30 30 0d
              0x02050229  cls=0x00 idx=8 dev=41

    1184.8ms  TX  ──►  [1.3]  54 30 32 30 35 30 32 32 39 38 30 38 61 63 35 61 34 31 30 30 30 30 30 30 30 30 0d
              0x02050229  cls=0x00 idx=8 dev=41

    1205.8ms  TX  ──►  [1.3]  54 30 32 30 35 30 32 32 39 38 30 38 61 63 35 61 34 31 30 30 30 30 30 30 30 30 0d
              0x02050229  cls=0x00 idx=8 dev=41

    1225.5ms  TX  ──►  [1.3]  54 30 32 30 35 30 32 32 39 38 30 38 61 63 35 61 34 31 30 30 30 30 30 30 30 30 0d
              0x02050229  cls=0x00 idx=8 dev=41

    1251.1ms  TX  ──►  [1.3]  54 30 32 30 35 30 32 32 39 38 30 38 61 63 35 61 34 31 30 30 30 30 30 30 30 30 0d
              0x02050229  cls=0x00 idx=8 dev=41

    1279.7ms  TX  ──►  [1.3]  54 30 32 30 35 30 32 32 39 38 30 38 61 63 35 61 34 31 30 30 30 30 30 30 30 30 0d
              0x02050229  cls=0x00 idx=8 dev=41

    1301.2ms  TX  ──►  [1.3]  54 30 32 30 35 30 32 32 39 38 30 38 61 63 35 61 34 31 30 30 30 30 30 30 30 30 0d
              0x02050229  cls=0x00 idx=8 dev=41

    1333.8ms  TX  ──►  [1.3]  54 30 32 30 35 30 32 32 39 38 30 38 61 63 35 61 34 31 30 30 30 30 30 30 30 30 0d
              0x02050229  cls=0x00 idx=8 dev=41

    1368.0ms  TX  ──►  [1.3]  54 30 32 30 35 30 32 32 39 38 30 38 61 63 35 61 34 31 30 30 30 30 30 30 30 30 0d
              0x02050229  cls=0x00 idx=8 dev=41

    1400.5ms  TX  ──►  [1.3]  54 30 32 30 35 30 32 32 39 38 30 38 61 63 35 61 34 31 30 30 30 30 30 30 30 30 0d
              0x02050229  cls=0x00 idx=8 dev=41

    1427.5ms  TX  ──►  [1.3]  54 30 32 30 35 30 32 32 39 38 30 38 61 63 35 61 34 31 30 30 30 30 30 30 30 30 0d
              0x02050229  cls=0x00 idx=8 dev=41

    1451.0ms  TX  ──►  [1.3]  54 30 32 30 35 30 32 32 39 38 30 38 61 63 35 61 34 31 30 30 30 30 30 30 30 30 0d
              0x02050229  cls=0x00 idx=8 dev=41

    1482.8ms  TX  ──►  [1.3]  54 30 32 30 35 30 32 32 39 38 30 38 61 63 35 61 34 31 30 30 30 30 30 30 30 30 0d
              0x02050229  cls=0x00 idx=8 dev=41

    1504.7ms  TX  ──►  [1.3]  54 30 32 30 35 30 32 32 39 38 30 38 61 63 35 61 34 31 30 30 30 30 30 30 30 30 0d
              0x02050229  cls=0x00 idx=8 dev=41

    1525.7ms  TX  ──►  [1.3]  54 30 32 30 35 30 32 32 39 38 30 38 61 63 35 61 34 31 30 30 30 30 30 30 30 30 0d
              0x02050229  cls=0x00 idx=8 dev=41

    1546.2ms  TX  ──►  [1.3]  54 30 32 30 35 30 32 32 39 38 30 38 61 63 35 61 34 31 30 30 30 30 30 30 30 30 0d
              0x02050229  cls=0x00 idx=8 dev=41

    1566.8ms  TX  ──►  [1.3]  54 30 32 30 35 30 32 32 39 38 30 38 61 63 35 61 34 31 30 30 30 30 30 30 30 30 0d
              0x02050229  cls=0x00 idx=8 dev=41

    1587.5ms  TX  ──►  [1.3]  54 30 32 30 35 30 32 32 39 38 30 38 61 63 35 61 34 31 30 30 30 30 30 30 30 30 0d
              0x02050229  cls=0x00 idx=8 dev=41

    1608.2ms  TX  ──►  [1.3]  54 30 32 30 35 30 32 32 39 38 30 38 61 63 35 61 34 31 30 30 30 30 30 30 30 30 0d
              0x02050229  cls=0x00 idx=8 dev=41

    1628.4ms  TX  ──►  [1.3]  54 30 32 30 35 30 32 32 39 38 30 38 61 63 35 61 34 31 30 30 30 30 30 30 30 30 0d
              0x02050229  cls=0x00 idx=8 dev=41

    1649.4ms  TX  ──►  [1.3]  54 30 32 30 35 30 32 32 39 38 30 38 61 63 35 61 34 31 30 30 30 30 30 30 30 30 0d
              0x02050229  cls=0x00 idx=8 dev=41

    1670.1ms  TX  ──►  [1.3]  54 30 32 30 35 30 32 32 39 38 30 38 61 63 35 61 34 31 30 30 30 30 30 30 30 30 0d
              0x02050229  cls=0x00 idx=8 dev=41

    1690.6ms  TX  ──►  [1.3]  54 30 32 30 35 30 32 32 39 38 30 38 61 63 35 61 34 31 30 30 30 30 30 30 30 30 0d
              0x02050229  cls=0x00 idx=8 dev=41

    1710.9ms  TX  ──►  [1.3]  54 30 32 30 35 30 32 32 39 38 30 38 61 63 35 61 34 31 30 30 30 30 30 30 30 30 0d
              0x02050229  cls=0x00 idx=8 dev=41

    1731.4ms  TX  ──►  [1.3]  54 30 32 30 35 30 32 32 39 38 30 38 61 63 35 61 34 31 30 30 30 30 30 30 30 30 0d
              0x02050229  cls=0x00 idx=8 dev=41

    1751.9ms  TX  ──►  [1.3]  54 30 32 30 35 30 32 32 39 38 30 38 61 63 35 61 34 31 30 30 30 30 30 30 30 30 0d
              0x02050229  cls=0x00 idx=8 dev=41

    1772.4ms  TX  ──►  [1.3]  54 30 32 30 35 30 32 32 39 38 30 38 61 63 35 61 34 31 30 30 30 30 30 30 30 30 0d
              0x02050229  cls=0x00 idx=8 dev=41

    1792.7ms  TX  ──►  [1.3]  54 30 32 30 35 30 32 32 39 38 30 38 61 63 35 61 34 31 30 30 30 30 30 30 30 30 0d
              0x02050229  cls=0x00 idx=8 dev=41

    1813.0ms  TX  ──►  [1.3]  54 30 32 30 35 30 32 32 39 38 30 38 61 63 35 61 34 31 30 30 30 30 30 30 30 30 0d
              0x02050229  cls=0x00 idx=8 dev=41

    1833.4ms  TX  ──►  [1.3]  54 30 32 30 35 30 32 32 39 38 30 38 61 63 35 61 34 31 30 30 30 30 30 30 30 30 0d
              0x02050229  cls=0x00 idx=8 dev=41

    1853.8ms  TX  ──►  [1.3]  54 30 32 30 35 30 32 32 39 38 30 38 61 63 35 61 34 31 30 30 30 30 30 30 30 30 0d
              0x02050229  cls=0x00 idx=8 dev=41

    1874.7ms  TX  ──►  [1.3]  54 30 32 30 35 30 32 32 39 38 30 38 61 63 35 61 34 31 30 30 30 30 30 30 30 30 0d
              0x02050229  cls=0x00 idx=8 dev=41

    1896.0ms  TX  ──►  [1.3]  54 30 32 30 35 30 32 32 39 38 30 38 61 63 35 61 34 31 30 30 30 30 30 30 30 30 0d
              0x02050229  cls=0x00 idx=8 dev=41

    1916.3ms  TX  ──►  [1.3]  54 30 32 30 35 30 32 32 39 38 30 38 61 63 35 61 34 31 30 30 30 30 30 30 30 30 0d
              0x02050229  cls=0x00 idx=8 dev=41

    1937.0ms  TX  ──►  [1.3]  54 30 32 30 35 30 32 32 39 38 30 38 61 63 35 61 34 31 30 30 30 30 30 30 30 30 0d
              0x02050229  cls=0x00 idx=8 dev=41

    1957.9ms  TX  ──►  [1.3]  54 30 32 30 35 30 32 32 39 38 30 38 61 63 35 61 34 31 30 30 30 30 30 30 30 30 0d
              0x02050229  cls=0x00 idx=8 dev=41

    1977.9ms  TX  ──►  [1.3]  54 30 32 30 35 30 32 32 39 38 30 38 61 63 35 61 34 31 30 30 30 30 30 30 30 30 0d
              0x02050229  cls=0x00 idx=8 dev=41

    1998.6ms  TX  ──►  [1.3]  54 30 32 30 35 30 32 32 39 38 30 38 61 63 35 61 34 31 30 30 30 30 30 30 30 30 0d
              0x02050229  cls=0x00 idx=8 dev=41

    2019.8ms  TX  ──►  [1.3]  54 30 32 30 35 30 32 32 39 38 30 38 61 63 35 61 34 31 30 30 30 30 30 30 30 30 0d
              0x02050229  cls=0x00 idx=8 dev=41

    2040.2ms  TX  ──►  [1.3]  54 30 32 30 35 30 32 32 39 38 30 38 61 63 35 61 34 31 30 30 30 30 30 30 30 30 0d
              0x02050229  cls=0x00 idx=8 dev=41

    2060.7ms  TX  ──►  [1.3]  54 30 32 30 35 30 32 32 39 38 30 38 61 63 35 61 34 31 30 30 30 30 30 30 30 30 0d
              0x02050229  cls=0x00 idx=8 dev=41

    2092.9ms  TX  ──►  [1.3]  54 30 32 30 35 30 32 32 39 38 30 38 61 63 35 61 34 31 30 30 30 30 30 30 30 30 0d
              0x02050229  cls=0x00 idx=8 dev=41

    2114.4ms  TX  ──►  [1.3]  54 30 32 30 35 30 32 32 39 38 30 38 61 63 35 61 34 31 30 30 30 30 30 30 30 30 0d
              0x02050229  cls=0x00 idx=8 dev=41

    2143.3ms  TX  ──►  [1.3]  54 30 32 30 35 30 32 32 39 38 30 38 61 63 35 61 34 31 30 30 30 30 30 30 30 30 0d
              0x02050229  cls=0x00 idx=8 dev=41

    2178.5ms  TX  ──►  [1.3]  54 30 32 30 35 30 32 32 39 38 30 38 61 63 35 61 34 31 30 30 30 30 30 30 30 30 0d
              0x02050229  cls=0x00 idx=8 dev=41

    2201.9ms  TX  ──►  [1.3]  54 30 32 30 35 30 32 32 39 38 30 38 61 63 35 61 34 31 30 30 30 30 30 30 30 30 0d
              0x02050229  cls=0x00 idx=8 dev=41

    2230.1ms  TX  ──►  [1.3]  54 30 32 30 35 30 32 32 39 38 30 38 61 63 35 61 34 31 30 30 30 30 38 30 39 37 0d
              0x02050229  cls=0x00 idx=8 dev=41

    2251.6ms  TX  ──►  [1.3]  54 30 32 30 35 30 32 32 39 38 30 38 61 63 35 61 34 31 30 30 30 30 38 30 39 37 0d
              0x02050229  cls=0x00 idx=8 dev=41

    2277.7ms  TX  ──►  [1.3]  54 30 32 30 35 30 32 32 39 38 30 38 61 63 35 61 34 31 30 30 30 30 38 30 39 37 0d
              0x02050229  cls=0x00 idx=8 dev=41

    2301.6ms  TX  ──►  [1.3]  54 30 32 30 35 30 32 32 39 38 30 38 61 63 35 61 34 31 30 30 30 30 38 30 39 37 0d
              0x02050229  cls=0x00 idx=8 dev=41

    2328.1ms  TX  ──►  [1.3]  54 30 32 30 35 30 32 32 39 38 30 38 61 63 35 61 34 31 30 30 30 30 38 30 39 37 0d
              0x02050229  cls=0x00 idx=8 dev=41

    2351.7ms  TX  ──►  [1.3]  54 30 32 30 35 30 32 32 39 38 30 38 61 63 35 61 34 31 30 30 30 30 38 30 39 37 0d
              0x02050229  cls=0x00 idx=8 dev=41

    2378.0ms  TX  ──►  [1.3]  54 30 32 30 35 30 32 32 39 38 30 38 61 63 35 61 34 31 30 30 30 30 38 30 39 37 0d
              0x02050229  cls=0x00 idx=8 dev=41

    2401.5ms  TX  ──►  [1.3]  54 30 32 30 35 30 32 32 39 38 30 38 61 63 35 61 34 31 30 30 30 30 38 30 39 37 0d
              0x02050229  cls=0x00 idx=8 dev=41

    2427.8ms  TX  ──►  [1.3]  54 30 32 30 35 30 32 32 39 38 30 38 61 63 35 61 34 31 30 30 30 30 38 30 39 37 0d
              0x02050229  cls=0x00 idx=8 dev=41

    2461.1ms  TX  ──►  [1.3]  54 30 32 30 35 30 32 32 39 38 30 38 61 63 35 61 34 31 30 30 30 30 38 30 39 37 0d
              0x02050229  cls=0x00 idx=8 dev=41

    2494.4ms  TX  ──►  [1.3]  54 30 32 30 35 30 32 32 39 38 30 38 61 63 35 61 34 31 30 30 30 30 38 30 39 37 0d
              0x02050229  cls=0x00 idx=8 dev=41

    2528.0ms  TX  ──►  [1.3]  54 30 32 30 35 30 32 32 39 38 30 38 61 63 35 61 34 31 30 30 30 30 38 30 39 37 0d
              0x02050229  cls=0x00 idx=8 dev=41

    2551.4ms  TX  ──►  [1.3]  54 30 32 30 35 30 32 32 39 38 30 38 61 63 35 61 34 31 30 30 30 30 38 30 39 37 0d
              0x02050229  cls=0x00 idx=8 dev=41

    2577.8ms  TX  ──►  [1.3]  54 30 32 30 35 30 32 32 39 38 30 38 61 63 35 61 34 31 30 30 30 30 38 30 39 37 0d
              0x02050229  cls=0x00 idx=8 dev=41

    2601.9ms  TX  ──►  [1.3]  54 30 32 30 35 30 32 32 39 38 30 38 61 63 35 61 34 31 30 30 30 30 38 30 39 37 0d
              0x02050229  cls=0x00 idx=8 dev=41

    2629.3ms  TX  ──►  [1.3]  54 30 32 30 35 30 32 32 39 38 30 38 61 63 35 61 34 31 30 30 30 30 38 30 39 37 0d
              0x02050229  cls=0x00 idx=8 dev=41

    2662.1ms  TX  ──►  [1.3]  54 30 32 30 35 30 32 32 39 38 30 38 61 63 35 61 34 31 30 30 30 30 38 30 39 37 0d
              0x02050229  cls=0x00 idx=8 dev=41

    2694.6ms  TX  ──►  [1.3]  54 30 32 30 35 30 32 32 39 38 30 38 61 63 35 61 34 31 30 30 30 30 38 30 39 37 0d
              0x02050229  cls=0x00 idx=8 dev=41

    2728.1ms  TX  ──►  [1.3]  54 30 32 30 35 30 32 32 39 38 30 38 61 63 35 61 34 31 30 30 30 30 38 30 39 37 0d
              0x02050229  cls=0x00 idx=8 dev=41

    2751.3ms  TX  ──►  [1.3]  54 30 32 30 35 30 32 32 39 38 30 38 61 63 35 61 34 31 30 30 30 30 38 30 39 37 0d
              0x02050229  cls=0x00 idx=8 dev=41

    2778.5ms  TX  ──►  [1.3]  54 30 32 30 35 30 32 32 39 38 30 38 61 63 35 61 34 31 30 30 30 30 38 30 39 37 0d
              0x02050229  cls=0x00 idx=8 dev=41

    2801.3ms  TX  ──►  [1.3]  54 30 32 30 35 30 32 32 39 38 30 38 61 63 35 61 34 31 30 30 30 30 38 30 39 37 0d
              0x02050229  cls=0x00 idx=8 dev=41

    2827.9ms  TX  ──►  [1.3]  54 30 32 30 35 30 32 32 39 38 30 38 61 63 35 61 34 31 30 30 30 30 38 30 39 37 0d
              0x02050229  cls=0x00 idx=8 dev=41

    2851.7ms  TX  ──►  [1.3]  54 30 32 30 35 30 32 32 39 38 30 38 61 63 35 61 34 31 30 30 30 30 38 30 39 37 0d
              0x02050229  cls=0x00 idx=8 dev=41

    2878.4ms  TX  ──►  [1.3]  54 30 32 30 35 30 32 32 39 38 30 38 61 63 35 61 34 31 30 30 30 30 38 30 39 37 0d
              0x02050229  cls=0x00 idx=8 dev=41

    2901.3ms  TX  ──►  [1.3]  54 30 32 30 35 30 32 32 39 38 30 38 61 63 35 61 34 31 30 30 30 30 38 30 39 37 0d
              0x02050229  cls=0x00 idx=8 dev=41

    2928.2ms  TX  ──►  [1.3]  54 30 32 30 35 30 32 32 39 38 30 38 61 63 35 61 34 31 30 30 30 30 38 30 39 37 0d
              0x02050229  cls=0x00 idx=8 dev=41

    2951.3ms  TX  ──►  [1.3]  54 30 32 30 35 30 32 32 39 38 30 38 61 63 35 61 34 31 30 30 30 30 38 30 39 37 0d
              0x02050229  cls=0x00 idx=8 dev=41

    2978.2ms  TX  ──►  [1.3]  54 30 32 30 35 30 32 32 39 38 30 38 61 63 35 61 34 31 30 30 30 30 38 30 39 37 0d
              0x02050229  cls=0x00 idx=8 dev=41

    3000.9ms  TX  ──►  [1.3]  54 30 32 30 35 30 32 32 39 38 30 38 61 63 35 61 34 31 30 30 30 30 38 30 39 37 0d
              0x02050229  cls=0x00 idx=8 dev=41

    3028.1ms  TX  ──►  [1.3]  54 30 32 30 35 30 32 32 39 38 30 38 61 63 35 61 34 31 30 30 30 30 38 30 39 37 0d
              0x02050229  cls=0x00 idx=8 dev=41

    3051.3ms  TX  ──►  [1.3]  54 30 32 30 35 30 32 32 39 38 30 38 61 63 35 61 34 31 30 30 30 30 38 30 39 37 0d
              0x02050229  cls=0x00 idx=8 dev=41

    3078.0ms  TX  ──►  [1.3]  54 30 32 30 35 30 32 32 39 38 30 38 61 63 35 61 34 31 30 30 30 30 38 30 39 37 0d
              0x02050229  cls=0x00 idx=8 dev=41

    3111.5ms  TX  ──►  [1.3]  54 30 32 30 35 30 32 32 39 38 30 38 61 63 35 61 34 31 30 30 30 30 38 30 39 37 0d
              0x02050229  cls=0x00 idx=8 dev=41

    3135.5ms  TX  ──►  [1.3]  54 30 32 30 35 30 32 32 39 38 30 38 61 63 35 61 34 31 30 30 30 30 38 30 39 37 0d
              0x02050229  cls=0x00 idx=8 dev=41

    3161.1ms  TX  ──►  [1.3]  54 30 32 30 35 30 32 32 39 38 30 38 61 63 35 61 34 31 30 30 30 30 38 30 39 37 0d
              0x02050229  cls=0x00 idx=8 dev=41

    3194.7ms  TX  ──►  [1.3]  54 30 32 30 35 30 32 32 39 38 30 38 61 63 35 61 34 31 30 30 30 30 38 30 39 37 0d
              0x02050229  cls=0x00 idx=8 dev=41

    3227.8ms  TX  ──►  [1.3]  54 30 32 30 35 30 32 32 39 38 30 38 61 63 35 61 34 31 30 30 30 30 38 30 39 37 0d
              0x02050229  cls=0x00 idx=8 dev=41

    3251.3ms  TX  ──►  [1.3]  54 30 32 30 35 30 32 32 39 38 30 38 61 63 35 61 34 31 30 30 30 30 38 30 39 37 0d
              0x02050229  cls=0x00 idx=8 dev=41

    3278.1ms  TX  ──►  [1.3]  54 30 32 30 35 30 32 32 39 38 30 38 61 63 35 61 34 31 30 30 30 30 38 30 39 37 0d
              0x02050229  cls=0x00 idx=8 dev=41

    3301.3ms  TX  ──►  [1.3]  54 30 32 30 35 30 32 32 39 38 30 38 61 63 35 61 34 31 30 30 30 30 38 30 39 37 0d
              0x02050229  cls=0x00 idx=8 dev=41

    3327.7ms  TX  ──►  [1.3]  54 30 32 30 35 30 32 32 39 38 30 38 61 63 35 61 34 31 30 30 30 30 38 30 39 37 0d
              0x02050229  cls=0x00 idx=8 dev=41

    3351.2ms  TX  ──►  [1.3]  54 30 32 30 35 30 32 32 39 38 30 38 61 63 35 61 34 31 30 30 30 30 38 30 39 37 0d
              0x02050229  cls=0x00 idx=8 dev=41

    3378.2ms  TX  ──►  [1.3]  54 30 32 30 35 30 32 32 39 38 30 38 61 63 35 61 34 31 30 30 30 30 38 30 39 37 0d
              0x02050229  cls=0x00 idx=8 dev=41

    3401.3ms  TX  ──►  [1.3]  54 30 32 30 35 30 32 32 39 38 30 38 61 63 35 61 34 31 30 30 30 30 38 30 39 37 0d
              0x02050229  cls=0x00 idx=8 dev=41

    3428.0ms  TX  ──►  [1.3]  54 30 32 30 35 30 32 32 39 38 30 38 61 63 35 61 34 31 30 30 30 30 38 30 39 37 0d
              0x02050229  cls=0x00 idx=8 dev=41

    3451.3ms  TX  ──►  [1.3]  54 30 32 30 35 30 32 32 39 38 30 38 61 63 35 61 34 31 30 30 30 30 38 30 39 37 0d
              0x02050229  cls=0x00 idx=8 dev=41

    3478.2ms  TX  ──►  [1.3]  54 30 32 30 35 30 32 32 39 38 30 38 61 63 35 61 34 31 30 30 30 30 38 30 39 37 0d
              0x02050229  cls=0x00 idx=8 dev=41

    3501.6ms  TX  ──►  [1.3]  54 30 32 30 35 30 32 32 39 38 30 38 61 63 35 61 34 31 30 30 30 30 38 30 39 37 0d
              0x02050229  cls=0x00 idx=8 dev=41

    3527.9ms  TX  ──►  [1.3]  54 30 32 30 35 30 32 32 39 38 30 38 61 63 35 61 34 31 30 30 30 30 38 30 39 37 0d
              0x02050229  cls=0x00 idx=8 dev=41

    3551.3ms  TX  ──►  [1.3]  54 30 32 30 35 30 32 32 39 38 30 38 61 63 35 61 34 31 30 30 30 30 38 30 39 37 0d
              0x02050229  cls=0x00 idx=8 dev=41

    3578.0ms  TX  ──►  [1.3]  54 30 32 30 35 30 32 32 39 38 30 38 61 63 35 61 34 31 30 30 30 30 38 30 39 37 0d
              0x02050229  cls=0x00 idx=8 dev=41

    3601.4ms  TX  ──►  [1.3]  54 30 32 30 35 30 32 32 39 38 30 38 61 63 35 61 34 31 30 30 30 30 38 30 39 37 0d
              0x02050229  cls=0x00 idx=8 dev=41

    3628.0ms  TX  ──►  [1.3]  54 30 32 30 35 30 32 32 39 38 30 38 61 63 35 61 34 31 30 30 30 30 38 30 39 37 0d
              0x02050229  cls=0x00 idx=8 dev=41

    3651.2ms  TX  ──►  [1.3]  54 30 32 30 35 30 32 32 39 38 30 38 61 63 35 61 34 31 30 30 30 30 38 30 39 37 0d
              0x02050229  cls=0x00 idx=8 dev=41

    3677.8ms  TX  ──►  [1.3]  54 30 32 30 35 30 32 32 39 38 30 38 61 63 35 61 34 31 30 30 30 30 38 30 39 37 0d
              0x02050229  cls=0x00 idx=8 dev=41

    3701.6ms  TX  ──►  [1.3]  54 30 32 30 35 30 32 32 39 38 30 38 61 63 35 61 34 31 30 30 30 30 38 30 39 37 0d
              0x02050229  cls=0x00 idx=8 dev=41

    3727.8ms  TX  ──►  [1.3]  54 30 32 30 35 30 32 32 39 38 30 38 61 63 35 61 34 31 30 30 30 30 38 30 39 37 0d
              0x02050229  cls=0x00 idx=8 dev=41

    3751.3ms  TX  ──►  [1.3]  54 30 32 30 35 30 32 32 39 38 30 38 61 63 35 61 34 31 30 30 30 30 38 30 39 37 0d
              0x02050229  cls=0x00 idx=8 dev=41

    3778.0ms  TX  ──►  [1.3]  54 30 32 30 35 30 32 32 39 38 30 38 61 63 35 61 34 31 30 30 30 30 38 30 39 37 0d
              0x02050229  cls=0x00 idx=8 dev=41

    3801.3ms  TX  ──►  [1.3]  54 30 32 30 35 30 32 32 39 38 30 38 61 63 35 61 34 31 30 30 30 30 38 30 39 37 0d
              0x02050229  cls=0x00 idx=8 dev=41

    3827.8ms  TX  ──►  [1.3]  54 30 32 30 35 30 32 32 39 38 30 38 61 63 35 61 34 31 30 30 30 30 38 30 39 37 0d
              0x02050229  cls=0x00 idx=8 dev=41

    3851.2ms  TX  ──►  [1.3]  54 30 32 30 35 30 32 32 39 38 30 38 61 63 35 61 34 31 30 30 30 30 38 30 39 37 0d
              0x02050229  cls=0x00 idx=8 dev=41

    3878.1ms  TX  ──►  [1.3]  54 30 32 30 35 30 32 32 39 38 30 38 61 63 35 61 34 31 30 30 30 30 38 30 39 37 0d
              0x02050229  cls=0x00 idx=8 dev=41

    3901.2ms  TX  ──►  [1.3]  54 30 32 30 35 30 32 32 39 38 30 38 61 63 35 61 34 31 30 30 30 30 38 30 39 37 0d
              0x02050229  cls=0x00 idx=8 dev=41

    3927.8ms  TX  ──►  [1.3]  54 30 32 30 35 30 32 32 39 38 30 38 61 63 35 61 34 31 30 30 30 30 38 30 39 37 0d
              0x02050229  cls=0x00 idx=8 dev=41

    3951.2ms  TX  ──►  [1.3]  54 30 32 30 35 30 32 32 39 38 30 38 61 63 35 61 34 31 30 30 30 30 38 30 39 37 0d
              0x02050229  cls=0x00 idx=8 dev=41

    3977.9ms  TX  ──►  [1.3]  54 30 32 30 35 30 32 32 39 38 30 38 61 63 35 61 34 31 30 30 30 30 38 30 39 37 0d
              0x02050229  cls=0x00 idx=8 dev=41

    4001.2ms  TX  ──►  [1.3]  54 30 32 30 35 30 32 32 39 38 30 38 61 63 35 61 34 31 30 30 30 30 38 30 39 37 0d
              0x02050229  cls=0x00 idx=8 dev=41

    4027.8ms  TX  ──►  [1.3]  54 30 32 30 35 30 32 32 39 38 30 38 61 63 35 61 34 31 30 30 30 30 38 30 39 37 0d
              0x02050229  cls=0x00 idx=8 dev=41

    4061.2ms  TX  ──►  [1.3]  54 30 32 30 35 30 32 32 39 38 30 38 61 63 35 61 34 31 30 30 30 30 38 30 39 37 0d
              0x02050229  cls=0x00 idx=8 dev=41

    4094.7ms  TX  ──►  [1.3]  54 30 32 30 35 30 32 32 39 38 30 38 61 63 35 61 34 31 30 30 30 30 38 30 39 37 0d
              0x02050229  cls=0x00 idx=8 dev=41

    4127.7ms  TX  ──►  [1.3]  54 30 32 30 35 30 32 32 39 38 30 38 61 63 35 61 34 31 30 30 30 30 38 30 39 37 0d
              0x02050229  cls=0x00 idx=8 dev=41

    4161.1ms  TX  ──►  [1.3]  54 30 32 30 35 30 32 32 39 38 30 38 61 63 35 61 34 31 30 30 30 30 38 30 39 37 0d
              0x02050229  cls=0x00 idx=8 dev=41

    4194.3ms  TX  ──►  [1.3]  54 30 32 30 35 30 32 32 39 38 30 38 61 63 35 61 34 31 30 30 30 30 38 30 39 37 0d
              0x02050229  cls=0x00 idx=8 dev=41

    4227.8ms  TX  ──►  [1.3]  54 30 32 30 35 30 32 32 39 38 30 38 61 63 35 61 34 31 30 30 30 30 38 30 39 37 0d
              0x02050229  cls=0x00 idx=8 dev=41

    4251.1ms  TX  ──►  [1.3]  54 30 32 30 35 30 32 32 39 38 30 38 61 63 35 61 34 31 30 30 30 30 38 30 39 37 0d
              0x02050229  cls=0x00 idx=8 dev=41

    4279.3ms  TX  ──►  [1.3]  54 30 32 30 35 30 32 32 39 38 30 38 61 63 35 61 34 31 30 30 30 30 38 30 39 37 0d
              0x02050229  cls=0x00 idx=8 dev=41

    4301.7ms  TX  ──►  [1.3]  54 30 32 30 35 30 32 32 39 38 30 38 61 63 35 61 34 31 30 30 30 30 38 30 39 37 0d
              0x02050229  cls=0x00 idx=8 dev=41

    4330.9ms  TX  ──►  [1.3]  54 30 32 30 35 30 32 32 39 38 30 38 61 63 35 61 34 31 30 30 30 30 38 30 39 37 0d
              0x02050229  cls=0x00 idx=8 dev=41

    4362.2ms  TX  ──►  [1.3]  54 30 32 30 35 30 32 32 39 38 30 38 61 63 35 61 34 31 30 30 30 30 38 30 39 37 0d
              0x02050229  cls=0x00 idx=8 dev=41

    4388.1ms  TX  ──►  [1.3]  54 30 32 30 35 30 32 32 39 38 30 38 61 63 35 61 34 31 30 30 30 30 38 30 39 37 0d
              0x02050229  cls=0x00 idx=8 dev=41

    4409.0ms  TX  ──►  [1.3]  54 30 32 30 35 30 32 32 39 38 30 38 61 63 35 61 34 31 30 30 30 30 38 30 39 37 0d
              0x02050229  cls=0x00 idx=8 dev=41

    4429.2ms  TX  ──►  [1.3]  54 30 32 30 35 30 32 32 39 38 30 38 61 63 35 61 34 31 30 30 30 30 38 30 39 37 0d
              0x02050229  cls=0x00 idx=8 dev=41

    4449.3ms  TX  ──►  [1.3]  54 30 32 30 35 30 32 32 39 38 30 38 61 63 35 61 34 31 30 30 30 30 38 30 39 37 0d
              0x02050229  cls=0x00 idx=8 dev=41

    4469.6ms  TX  ──►  [1.3]  54 30 32 30 35 30 32 32 39 38 30 38 61 63 35 61 34 31 30 30 30 30 38 30 39 37 0d
              0x02050229  cls=0x00 idx=8 dev=41

    4490.0ms  TX  ──►  [1.3]  54 30 32 30 35 30 32 32 39 38 30 38 61 63 35 61 34 31 30 30 30 30 38 30 39 37 0d
              0x02050229  cls=0x00 idx=8 dev=41

    4510.4ms  TX  ──►  [1.3]  54 30 32 30 35 30 32 32 39 38 30 38 61 63 35 61 34 31 30 30 30 30 38 30 39 37 0d
              0x02050229  cls=0x00 idx=8 dev=41

    4530.6ms  TX  ──►  [1.3]  54 30 32 30 35 30 32 32 39 38 30 38 61 63 35 61 34 31 30 30 30 30 38 30 39 37 0d
              0x02050229  cls=0x00 idx=8 dev=41

    4550.6ms  TX  ──►  [1.3]  54 30 32 30 35 30 32 32 39 38 30 38 61 63 35 61 34 31 30 30 30 30 38 30 39 37 0d
              0x02050229  cls=0x00 idx=8 dev=41

    4570.6ms  TX  ──►  [1.3]  54 30 32 30 35 30 32 32 39 38 30 38 61 63 35 61 34 31 30 30 30 30 38 30 39 37 0d
              0x02050229  cls=0x00 idx=8 dev=41

    4590.8ms  TX  ──►  [1.3]  54 30 32 30 35 30 32 32 39 38 30 38 61 63 35 61 34 31 30 30 30 30 38 30 39 37 0d
              0x02050229  cls=0x00 idx=8 dev=41

    4610.7ms  TX  ──►  [1.3]  54 30 32 30 35 30 32 32 39 38 30 38 61 63 35 61 34 31 30 30 30 30 38 30 39 37 0d
              0x02050229  cls=0x00 idx=8 dev=41

    4630.8ms  TX  ──►  [1.3]  54 30 32 30 35 30 32 32 39 38 30 38 61 63 35 61 34 31 30 30 30 30 38 30 39 37 0d
              0x02050229  cls=0x00 idx=8 dev=41

    4651.2ms  TX  ──►  [1.3]  54 30 32 30 35 30 32 32 39 38 30 38 61 63 35 61 34 31 30 30 30 30 38 30 39 37 0d
              0x02050229  cls=0x00 idx=8 dev=41

    4670.9ms  TX  ──►  [1.3]  54 30 32 30 35 30 32 32 39 38 30 38 61 63 35 61 34 31 30 30 30 30 38 30 39 37 0d
              0x02050229  cls=0x00 idx=8 dev=41

    4691.0ms  TX  ──►  [1.3]  54 30 32 30 35 30 32 32 39 38 30 38 61 63 35 61 34 31 30 30 30 30 38 30 39 37 0d
              0x02050229  cls=0x00 idx=8 dev=41

    4711.4ms  TX  ──►  [1.3]  54 30 32 30 35 30 32 32 39 38 30 38 61 63 35 61 34 31 30 30 30 30 38 30 39 37 0d
              0x02050229  cls=0x00 idx=8 dev=41

    4732.0ms  TX  ──►  [1.3]  54 30 32 30 35 30 32 32 39 38 30 38 61 63 35 61 34 31 30 30 30 30 38 30 39 37 0d
              0x02050229  cls=0x00 idx=8 dev=41

    4752.4ms  TX  ──►  [1.3]  54 30 32 30 35 30 32 32 39 38 30 38 61 63 35 61 34 31 30 30 30 30 38 30 39 37 0d
              0x02050229  cls=0x00 idx=8 dev=41

    4773.4ms  TX  ──►  [1.3]  54 30 32 30 35 30 32 32 39 38 30 38 61 63 35 61 34 31 30 30 30 30 38 30 39 37 0d
              0x02050229  cls=0x00 idx=8 dev=41

    4793.7ms  TX  ──►  [1.3]  54 30 32 30 35 30 32 32 39 38 30 38 61 63 35 61 34 31 30 30 30 30 38 30 39 37 0d
              0x02050229  cls=0x00 idx=8 dev=41

    4814.2ms  TX  ──►  [1.3]  54 30 32 30 35 30 32 32 39 38 30 38 61 63 35 61 34 31 30 30 30 30 38 30 39 37 0d
              0x02050229  cls=0x00 idx=8 dev=41

    4835.3ms  TX  ──►  [1.3]  54 30 32 30 35 30 32 32 39 38 30 38 61 63 35 61 34 31 30 30 30 30 38 30 39 37 0d
              0x02050229  cls=0x00 idx=8 dev=41

    4855.8ms  TX  ──►  [1.3]  54 30 32 30 35 30 32 32 39 38 30 38 61 63 35 61 34 31 30 30 30 30 38 30 39 37 0d
              0x02050229  cls=0x00 idx=8 dev=41

    4876.7ms  TX  ──►  [1.3]  54 30 32 30 35 30 32 32 39 38 30 38 61 63 35 61 34 31 30 30 30 30 38 30 39 37 0d
              0x02050229  cls=0x00 idx=8 dev=41

    4897.5ms  TX  ──►  [1.3]  54 30 32 30 35 30 32 32 39 38 30 38 61 63 35 61 34 31 30 30 30 30 38 30 39 37 0d
              0x02050229  cls=0x00 idx=8 dev=41

    4917.8ms  TX  ──►  [1.3]  54 30 32 30 35 30 32 32 39 38 30 38 61 63 35 61 34 31 30 30 30 30 38 30 39 37 0d
              0x02050229  cls=0x00 idx=8 dev=41

    4938.5ms  TX  ──►  [1.3]  54 30 32 30 35 30 32 32 39 38 30 38 61 63 35 61 34 31 30 30 30 30 38 30 39 37 0d
              0x02050229  cls=0x00 idx=8 dev=41

    4959.6ms  TX  ──►  [1.3]  54 30 32 30 35 30 32 32 39 38 30 38 61 63 35 61 34 31 30 30 30 30 38 30 39 37 0d
              0x02050229  cls=0x00 idx=8 dev=41

    4979.8ms  TX  ──►  [1.3]  54 30 32 30 35 30 32 32 39 38 30 38 61 63 35 61 34 31 30 30 30 30 38 30 39 37 0d
              0x02050229  cls=0x00 idx=8 dev=41

    5000.2ms  TX  ──►  [1.3]  54 30 32 30 35 30 32 32 39 38 30 38 61 63 35 61 34 31 30 30 30 30 38 30 39 37 0d
              0x02050229  cls=0x00 idx=8 dev=41

    5021.2ms  TX  ──►  [1.3]  54 30 32 30 35 30 32 32 39 38 30 38 61 63 35 61 34 31 30 30 30 30 38 30 39 37 0d
              0x02050229  cls=0x00 idx=8 dev=41

    5041.6ms  TX  ──►  [1.3]  54 30 32 30 35 30 32 32 39 38 30 38 61 63 35 61 34 31 30 30 30 30 38 30 39 37 0d
              0x02050229  cls=0x00 idx=8 dev=41

    5062.3ms  TX  ──►  [1.3]  54 30 32 30 35 30 32 32 39 38 30 38 61 63 35 61 34 31 30 30 30 30 38 30 39 37 0d
              0x02050229  cls=0x00 idx=8 dev=41

    5082.7ms  TX  ──►  [1.3]  54 30 32 30 35 30 32 32 39 38 30 38 61 63 35 61 34 31 30 30 30 30 38 30 39 37 0d
              0x02050229  cls=0x00 idx=8 dev=41

    5102.7ms  TX  ──►  [1.3]  54 30 32 30 35 30 32 32 39 38 30 38 61 63 35 61 34 31 30 30 30 30 38 30 39 37 0d
              0x02050229  cls=0x00 idx=8 dev=41

    5122.8ms  TX  ──►  [1.3]  54 30 32 30 35 30 32 32 39 38 30 38 61 63 35 61 34 31 30 30 30 30 38 30 39 37 0d
              0x02050229  cls=0x00 idx=8 dev=41

    5142.7ms  TX  ──►  [1.3]  54 30 32 30 35 30 32 32 39 38 30 38 61 63 35 61 34 31 30 30 30 30 38 30 39 37 0d
              0x02050229  cls=0x00 idx=8 dev=41

    5162.5ms  TX  ──►  [1.3]  54 30 32 30 35 30 32 32 39 38 30 38 61 63 35 61 34 31 30 30 30 30 38 30 39 37 0d
              0x02050229  cls=0x00 idx=8 dev=41

    5182.5ms  TX  ──►  [1.3]  54 30 32 30 35 30 32 32 39 38 30 38 61 63 35 61 34 31 30 30 30 30 38 30 39 37 0d
              0x02050229  cls=0x00 idx=8 dev=41

    5202.8ms  TX  ──►  [1.3]  54 30 32 30 35 30 32 32 39 38 30 38 61 63 35 61 34 31 30 30 30 30 38 30 39 37 0d
              0x02050229  cls=0x00 idx=8 dev=41

    5222.7ms  TX  ──►  [1.3]  54 30 32 30 35 30 32 32 39 38 30 38 61 63 35 61 34 31 30 30 30 30 38 30 39 37 0d
              0x02050229  cls=0x00 idx=8 dev=41

    5252.3ms  TX  ──►  [1.3]  54 30 32 30 35 30 32 32 39 38 30 38 61 63 35 61 34 31 30 30 30 30 38 30 39 37 0d
              0x02050229  cls=0x00 idx=8 dev=41

    5272.4ms  TX  ──►  [1.3]  54 30 32 30 35 30 32 32 39 38 30 38 61 63 35 61 34 31 30 30 30 30 38 30 39 37 0d
              0x02050229  cls=0x00 idx=8 dev=41

    5292.7ms  TX  ──►  [1.3]  54 30 32 30 35 30 32 32 39 38 30 38 61 63 35 61 34 31 30 30 30 30 38 30 39 37 0d
              0x02050229  cls=0x00 idx=8 dev=41

    5312.5ms  TX  ──►  [1.3]  54 30 32 30 35 30 32 32 39 38 30 38 61 63 35 61 34 31 30 30 30 30 38 30 39 37 0d
              0x02050229  cls=0x00 idx=8 dev=41

    5332.6ms  TX  ──►  [1.3]  54 30 32 30 35 30 32 32 39 38 30 38 61 63 35 61 34 31 30 30 30 30 38 30 39 37 0d
              0x02050229  cls=0x00 idx=8 dev=41

    5352.9ms  TX  ──►  [1.3]  54 30 32 30 35 30 32 32 39 38 30 38 61 63 35 61 34 31 30 30 30 30 38 30 39 37 0d
              0x02050229  cls=0x00 idx=8 dev=41

    5372.7ms  TX  ──►  [1.3]  54 30 32 30 35 30 32 32 39 38 30 38 61 63 35 61 34 31 30 30 30 30 38 30 39 37 0d
              0x02050229  cls=0x00 idx=8 dev=41

    5392.8ms  TX  ──►  [1.3]  54 30 32 30 35 30 32 32 39 38 30 38 61 63 35 61 34 31 30 30 30 30 38 30 39 37 0d
              0x02050229  cls=0x00 idx=8 dev=41

    5413.2ms  TX  ──►  [1.3]  54 30 32 30 35 30 32 32 39 38 30 38 61 63 35 61 34 31 30 30 30 30 38 30 39 37 0d
              0x02050229  cls=0x00 idx=8 dev=41

    5432.9ms  TX  ──►  [1.3]  54 30 32 30 35 30 32 32 39 38 30 38 61 63 35 61 34 31 30 30 30 30 38 30 39 37 0d
              0x02050229  cls=0x00 idx=8 dev=41

    5453.0ms  TX  ──►  [1.3]  54 30 32 30 35 30 32 32 39 38 30 38 61 63 35 61 34 31 30 30 30 30 38 30 39 37 0d
              0x02050229  cls=0x00 idx=8 dev=41

    5473.3ms  TX  ──►  [1.3]  54 30 32 30 35 30 32 32 39 38 30 38 61 63 35 61 34 31 30 30 30 30 38 30 39 37 0d
              0x02050229  cls=0x00 idx=8 dev=41

    5493.1ms  TX  ──►  [1.3]  54 30 32 30 35 30 32 32 39 38 30 38 61 63 35 61 34 31 30 30 30 30 38 30 39 37 0d
              0x02050229  cls=0x00 idx=8 dev=41

    5513.2ms  TX  ──►  [1.3]  54 30 32 30 35 30 32 32 39 38 30 38 61 63 35 61 34 31 30 30 30 30 38 30 39 37 0d
              0x02050229  cls=0x00 idx=8 dev=41

    5533.5ms  TX  ──►  [1.3]  54 30 32 30 35 30 32 32 39 38 30 38 61 63 35 61 34 31 30 30 30 30 38 30 39 37 0d
              0x02050229  cls=0x00 idx=8 dev=41

    5553.3ms  TX  ──►  [1.3]  54 30 32 30 35 30 32 32 39 38 30 38 61 63 35 61 34 31 30 30 30 30 38 30 39 37 0d
              0x02050229  cls=0x00 idx=8 dev=41

    5573.4ms  TX  ──►  [1.3]  54 30 32 30 35 30 32 32 39 38 30 38 61 63 35 61 34 31 30 30 30 30 38 30 39 37 0d
              0x02050229  cls=0x00 idx=8 dev=41

    5593.6ms  TX  ──►  [1.3]  54 30 32 30 35 30 32 32 39 38 30 38 61 63 35 61 34 31 30 30 30 30 38 30 39 37 0d
              0x02050229  cls=0x00 idx=8 dev=41

    5613.5ms  TX  ──►  [1.3]  54 30 32 30 35 30 32 32 39 38 30 38 61 63 35 61 34 31 30 30 30 30 38 30 39 37 0d
              0x02050229  cls=0x00 idx=8 dev=41

    5633.5ms  TX  ──►  [1.3]  54 30 32 30 35 30 32 32 39 38 30 38 61 63 35 61 34 31 30 30 30 30 38 30 39 37 0d
              0x02050229  cls=0x00 idx=8 dev=41

    5654.0ms  TX  ──►  [1.3]  54 30 32 30 35 30 32 32 39 38 30 38 61 63 35 61 34 31 30 30 30 30 38 30 39 37 0d
              0x02050229  cls=0x00 idx=8 dev=41

    5673.7ms  TX  ──►  [1.3]  54 30 32 30 35 30 32 32 39 38 30 38 61 63 35 61 34 31 30 30 30 30 38 30 39 37 0d
              0x02050229  cls=0x00 idx=8 dev=41

    5693.8ms  TX  ──►  [1.3]  54 30 32 30 35 30 32 32 39 38 30 38 61 63 35 61 34 31 30 30 30 30 38 30 39 37 0d
              0x02050229  cls=0x00 idx=8 dev=41

    5714.1ms  TX  ──►  [1.3]  54 30 32 30 35 30 32 32 39 38 30 38 61 63 35 61 34 31 30 30 30 30 38 30 39 37 0d
              0x02050229  cls=0x00 idx=8 dev=41

    5733.9ms  TX  ──►  [1.3]  54 30 32 30 35 30 32 32 39 38 30 38 61 63 35 61 34 31 30 30 30 30 38 30 39 37 0d
              0x02050229  cls=0x00 idx=8 dev=41

    5754.3ms  TX  ──►  [1.3]  54 30 32 30 35 30 32 32 39 38 30 38 61 63 35 61 34 31 30 30 30 30 38 30 39 37 0d
              0x02050229  cls=0x00 idx=8 dev=41

    5775.4ms  TX  ──►  [1.3]  54 30 32 30 35 30 32 32 39 38 30 38 61 63 35 61 34 31 30 30 30 30 38 30 39 37 0d
              0x02050229  cls=0x00 idx=8 dev=41

    5795.2ms  TX  ──►  [1.3]  54 30 32 30 35 30 32 32 39 38 30 38 61 63 35 61 34 31 30 30 30 30 38 30 39 37 0d
              0x02050229  cls=0x00 idx=8 dev=41

    5815.7ms  TX  ──►  [1.3]  54 30 32 30 35 30 32 32 39 38 30 38 61 63 35 61 34 31 30 30 30 30 38 30 39 37 0d
              0x02050229  cls=0x00 idx=8 dev=41

    5836.9ms  TX  ──►  [1.3]  54 30 32 30 35 30 32 32 39 38 30 38 61 63 35 61 34 31 30 30 30 30 38 30 39 37 0d
              0x02050229  cls=0x00 idx=8 dev=41

    5857.1ms  TX  ──►  [1.3]  54 30 32 30 35 30 32 32 39 38 30 38 61 63 35 61 34 31 30 30 30 30 38 30 39 37 0d
              0x02050229  cls=0x00 idx=8 dev=41

    5877.9ms  TX  ──►  [1.3]  54 30 32 30 35 30 32 32 39 38 30 38 61 63 35 61 34 31 30 30 30 30 38 30 39 37 0d
              0x02050229  cls=0x00 idx=8 dev=41

    5898.8ms  TX  ──►  [1.3]  54 30 32 30 35 30 32 32 39 38 30 38 61 63 35 61 34 31 30 30 30 30 38 30 39 37 0d
              0x02050229  cls=0x00 idx=8 dev=41

    5918.8ms  TX  ──►  [1.3]  54 30 32 30 35 30 32 32 39 38 30 38 61 63 35 61 34 31 30 30 30 30 38 30 39 37 0d
              0x02050229  cls=0x00 idx=8 dev=41

    5939.4ms  TX  ──►  [1.3]  54 30 32 30 35 30 32 32 39 38 30 38 61 63 35 61 34 31 30 30 30 30 38 30 39 37 0d
              0x02050229  cls=0x00 idx=8 dev=41

    5960.6ms  TX  ──►  [1.3]  54 30 32 30 35 30 32 32 39 38 30 38 61 63 35 61 34 31 30 30 30 30 38 30 39 37 0d
              0x02050229  cls=0x00 idx=8 dev=41

    5980.6ms  TX  ──►  [1.3]  54 30 32 30 35 30 32 32 39 38 30 38 61 63 35 61 34 31 30 30 30 30 38 30 39 37 0d
              0x02050229  cls=0x00 idx=8 dev=41

    6001.3ms  TX  ──►  [1.3]  54 30 32 30 35 30 32 32 39 38 30 38 61 63 35 61 34 31 30 30 30 30 38 30 39 37 0d
              0x02050229  cls=0x00 idx=8 dev=41

    6021.7ms  TX  ──►  [1.3]  54 30 32 30 35 30 32 32 39 38 30 38 61 63 35 61 34 31 30 30 30 30 38 30 39 37 0d
              0x02050229  cls=0x00 idx=8 dev=41

    6041.8ms  TX  ──►  [1.3]  54 30 32 30 35 30 32 32 39 38 30 38 61 63 35 61 34 31 30 30 30 30 38 30 39 37 0d
              0x02050229  cls=0x00 idx=8 dev=41

    6062.0ms  TX  ──►  [1.3]  54 30 32 30 35 30 32 32 39 38 30 38 61 63 35 61 34 31 30 30 30 30 38 30 39 37 0d
              0x02050229  cls=0x00 idx=8 dev=41

    6082.5ms  TX  ──►  [1.3]  54 30 32 30 35 30 32 32 39 38 30 38 61 63 35 61 34 31 30 30 30 30 38 30 39 37 0d
              0x02050229  cls=0x00 idx=8 dev=41

    6102.6ms  TX  ──►  [1.3]  54 30 32 30 35 30 32 32 39 38 30 38 61 63 35 61 34 31 30 30 30 30 38 30 39 37 0d
              0x02050229  cls=0x00 idx=8 dev=41

    6123.0ms  TX  ──►  [1.3]  54 30 32 30 35 30 32 32 39 38 30 38 61 63 35 61 34 31 30 30 30 30 38 30 39 37 0d
              0x02050229  cls=0x00 idx=8 dev=41

    6143.5ms  TX  ──►  [1.3]  54 30 32 30 35 30 32 32 39 38 30 38 61 63 35 61 34 31 30 30 30 30 38 30 39 37 0d
              0x02050229  cls=0x00 idx=8 dev=41

    6163.6ms  TX  ──►  [1.3]  54 30 32 30 35 30 32 32 39 38 30 38 61 63 35 61 34 31 30 30 30 30 38 30 39 37 0d
              0x02050229  cls=0x00 idx=8 dev=41

    6184.4ms  TX  ──►  [1.3]  54 30 32 30 35 30 32 32 39 38 30 38 61 63 35 61 34 31 30 30 30 30 38 30 39 37 0d
              0x02050229  cls=0x00 idx=8 dev=41

    6205.0ms  TX  ──►  [1.3]  54 30 32 30 35 30 32 32 39 38 30 38 61 63 35 61 34 31 30 30 30 30 38 30 39 37 0d
              0x02050229  cls=0x00 idx=8 dev=41

    6225.4ms  TX  ──►  [1.3]  54 30 32 30 35 30 32 32 39 38 30 38 61 63 35 61 34 31 30 30 30 30 38 30 39 37 0d
              0x02050229  cls=0x00 idx=8 dev=41

    6246.3ms  TX  ──►  [1.3]  54 30 32 30 35 30 32 32 39 38 30 38 61 63 35 61 34 31 30 30 30 30 38 30 39 37 0d
              0x02050229  cls=0x00 idx=8 dev=41

    6266.7ms  TX  ──►  [1.3]  54 30 32 30 35 30 32 32 39 38 30 38 61 63 35 61 34 31 30 30 30 30 38 30 39 37 0d
              0x02050229  cls=0x00 idx=8 dev=41

    6287.3ms  TX  ──►  [1.3]  54 30 32 30 35 30 32 32 39 38 30 38 61 63 35 61 34 31 30 30 30 30 38 30 39 37 0d
              0x02050229  cls=0x00 idx=8 dev=41

    6307.7ms  TX  ──►  [1.3]  54 30 32 30 35 30 32 32 39 38 30 38 61 63 35 61 34 31 30 30 30 30 38 30 39 37 0d
              0x02050229  cls=0x00 idx=8 dev=41

    6328.4ms  TX  ──►  [1.3]  54 30 32 30 35 30 32 32 39 38 30 38 61 63 35 61 34 31 30 30 30 30 38 30 39 37 0d
              0x02050229  cls=0x00 idx=8 dev=41

    6349.0ms  TX  ──►  [1.3]  54 30 32 30 35 30 32 32 39 38 30 38 61 63 35 61 34 31 30 30 30 30 38 30 39 37 0d
              0x02050229  cls=0x00 idx=8 dev=41

    6369.6ms  TX  ──►  [1.3]  54 30 32 30 35 30 32 32 39 38 30 38 61 63 35 61 34 31 30 30 30 30 38 30 39 37 0d
              0x02050229  cls=0x00 idx=8 dev=41

    6390.0ms  TX  ──►  [1.3]  54 30 32 30 35 30 32 32 39 38 30 38 61 63 35 61 34 31 30 30 30 30 38 30 39 37 0d
              0x02050229  cls=0x00 idx=8 dev=41

    6410.5ms  TX  ──►  [1.3]  54 30 32 30 35 30 32 32 39 38 30 38 61 63 35 61 34 31 30 30 30 30 38 30 39 37 0d
              0x02050229  cls=0x00 idx=8 dev=41

    6431.3ms  TX  ──►  [1.3]  54 30 32 30 35 30 32 32 39 38 30 38 61 63 35 61 34 31 30 30 30 30 38 30 39 37 0d
              0x02050229  cls=0x00 idx=8 dev=41

    6451.7ms  TX  ──►  [1.3]  54 30 32 30 35 30 32 32 39 38 30 38 61 63 35 61 34 31 30 30 30 30 38 30 39 37 0d
              0x02050229  cls=0x00 idx=8 dev=41

    6471.5ms  TX  ──►  [1.3]  54 30 32 30 35 30 32 32 39 38 30 38 61 63 35 61 34 31 30 30 30 30 38 30 39 37 0d
              0x02050229  cls=0x00 idx=8 dev=41

    6492.2ms  TX  ──►  [1.3]  54 30 32 30 35 30 32 32 39 38 30 38 61 63 35 61 34 31 30 30 30 30 38 30 39 37 0d
              0x02050229  cls=0x00 idx=8 dev=41

    6512.8ms  TX  ──►  [1.3]  54 30 32 30 35 30 32 32 39 38 30 38 61 63 35 61 34 31 30 30 30 30 38 30 39 37 0d
              0x02050229  cls=0x00 idx=8 dev=41

    6532.9ms  TX  ──►  [1.3]  54 30 32 30 35 30 32 32 39 38 30 38 61 63 35 61 34 31 30 30 30 30 38 30 39 37 0d
              0x02050229  cls=0x00 idx=8 dev=41

    6553.8ms  TX  ──►  [1.3]  54 30 32 30 35 30 32 32 39 38 30 38 61 63 35 61 34 31 30 30 30 30 38 30 39 37 0d
              0x02050229  cls=0x00 idx=8 dev=41

    6574.4ms  TX  ──►  [1.3]  54 30 32 30 35 30 32 32 39 38 30 38 61 63 35 61 34 31 30 30 30 30 38 30 39 37 0d
              0x02050229  cls=0x00 idx=8 dev=41

    6594.8ms  TX  ──►  [1.3]  54 30 32 30 35 30 32 32 39 38 30 38 61 63 35 61 34 31 30 30 30 30 38 30 39 37 0d
              0x02050229  cls=0x00 idx=8 dev=41

    6615.2ms  TX  ──►  [1.3]  54 30 32 30 35 30 32 32 39 38 30 38 61 63 35 61 34 31 30 30 30 30 38 30 39 37 0d
              0x02050229  cls=0x00 idx=8 dev=41

    6641.3ms  TX  ──►  [1.3]  54 30 32 30 35 30 32 32 39 38 30 38 61 63 35 61 34 31 30 30 30 30 38 30 39 37 0d
              0x02050229  cls=0x00 idx=8 dev=41

    6664.2ms  TX  ──►  [1.3]  54 30 32 30 35 30 32 32 39 38 30 38 61 63 35 61 34 31 30 30 30 30 38 30 39 37 0d
              0x02050229  cls=0x00 idx=8 dev=41

    6686.7ms  TX  ──►  [1.3]  54 30 32 30 35 30 32 32 39 38 30 38 61 63 35 61 34 31 30 30 30 30 38 30 39 37 0d
              0x02050229  cls=0x00 idx=8 dev=41

    6713.1ms  TX  ──►  [1.3]  54 30 32 30 35 30 32 32 39 38 30 38 61 63 35 61 34 31 30 30 30 30 38 30 39 37 0d
              0x02050229  cls=0x00 idx=8 dev=41

    6738.9ms  TX  ──►  [1.3]  54 30 32 30 35 30 32 32 39 38 30 38 61 63 35 61 34 31 30 30 30 30 38 30 39 37 0d
              0x02050229  cls=0x00 idx=8 dev=41

    6761.3ms  TX  ──►  [1.3]  54 30 32 30 35 30 32 32 39 38 30 38 61 63 35 61 34 31 30 30 30 30 38 30 39 37 0d
              0x02050229  cls=0x00 idx=8 dev=41

    6783.1ms  TX  ──►  [1.3]  54 30 32 30 35 30 32 32 39 38 30 38 61 63 35 61 34 31 30 30 30 30 38 30 39 37 0d
              0x02050229  cls=0x00 idx=8 dev=41

    6806.4ms  TX  ──►  [1.3]  54 30 32 30 35 30 32 32 39 38 30 38 61 63 35 61 34 31 30 30 30 30 38 30 39 37 0d
              0x02050229  cls=0x00 idx=8 dev=41

    6828.1ms  TX  ──►  [1.3]  54 30 32 30 35 30 32 32 39 38 30 38 61 63 35 61 34 31 30 30 30 30 38 30 39 37 0d
              0x02050229  cls=0x00 idx=8 dev=41

    6848.2ms  TX  ──►  [1.3]  54 30 32 30 35 30 32 32 39 38 30 38 61 63 35 61 34 31 30 30 30 30 38 30 39 37 0d
              0x02050229  cls=0x00 idx=8 dev=41

    6875.6ms  TX  ──►  [1.3]  54 30 32 30 35 30 32 32 39 38 30 38 61 63 35 61 34 31 30 30 30 30 38 30 39 37 0d
              0x02050229  cls=0x00 idx=8 dev=41

    6898.7ms  TX  ──►  [1.3]  54 30 32 30 35 30 32 32 39 38 30 38 61 63 35 61 34 31 30 30 30 30 38 30 39 37 0d
              0x02050229  cls=0x00 idx=8 dev=41

    6931.7ms  TX  ──►  [1.3]  54 30 32 30 35 30 32 32 39 38 30 38 61 63 35 61 34 31 30 30 30 30 38 30 39 37 0d
              0x02050229  cls=0x00 idx=8 dev=41

    6964.4ms  TX  ──►  [1.3]  54 30 32 30 35 30 32 32 39 38 30 38 61 63 35 61 34 31 30 30 30 30 38 30 39 37 0d
              0x02050229  cls=0x00 idx=8 dev=41

    6987.0ms  TX  ──►  [1.3]  54 30 32 30 35 30 32 32 39 38 30 38 61 63 35 61 34 31 30 30 30 30 38 30 39 37 0d
              0x02050229  cls=0x00 idx=8 dev=41

    7013.6ms  TX  ──►  [1.3]  54 30 32 30 35 30 32 32 39 38 30 38 61 63 35 61 34 31 30 30 30 30 38 30 39 37 0d
              0x02050229  cls=0x00 idx=8 dev=41

    7038.6ms  TX  ──►  [1.3]  54 30 32 30 35 30 32 32 39 38 30 38 61 63 35 61 34 31 30 30 30 30 38 30 39 37 0d
              0x02050229  cls=0x00 idx=8 dev=41

    7064.1ms  TX  ──►  [1.3]  54 30 32 30 35 30 32 32 39 38 30 38 61 63 35 61 34 31 30 30 30 30 38 30 39 37 0d
              0x02050229  cls=0x00 idx=8 dev=41

    7096.5ms  TX  ──►  [1.3]  54 30 32 30 35 30 32 32 39 38 30 38 61 63 35 61 34 31 30 30 30 30 38 30 39 37 0d
              0x02050229  cls=0x00 idx=8 dev=41

    7122.7ms  TX  ──►  [1.3]  54 30 32 30 35 30 32 32 39 38 30 38 61 63 35 61 34 31 30 30 30 30 38 30 39 37 0d
              0x02050229  cls=0x00 idx=8 dev=41

    7145.9ms  TX  ──►  [1.3]  54 30 32 30 35 30 32 32 39 38 30 38 61 63 35 61 34 31 30 30 30 30 38 30 39 37 0d
              0x02050229  cls=0x00 idx=8 dev=41

    7170.2ms  TX  ──►  [1.3]  54 30 32 30 35 30 32 32 39 38 30 38 61 63 35 61 34 31 30 30 30 30 38 30 39 37 0d
              0x02050229  cls=0x00 idx=8 dev=41

    7196.2ms  TX  ──►  [1.3]  54 30 32 30 35 30 32 32 39 38 30 38 61 63 35 61 34 31 30 30 30 30 38 30 39 37 0d
              0x02050229  cls=0x00 idx=8 dev=41

    7220.2ms  TX  ──►  [1.3]  54 30 32 30 35 30 32 32 39 38 30 38 61 63 35 61 34 31 30 30 30 30 38 30 39 37 0d
              0x02050229  cls=0x00 idx=8 dev=41

    7246.5ms  TX  ──►  [1.3]  54 30 32 30 35 30 32 32 39 38 30 38 61 63 35 61 34 31 30 30 30 30 38 30 39 37 0d
              0x02050229  cls=0x00 idx=8 dev=41

    7269.8ms  TX  ──►  [1.3]  54 30 32 30 35 30 32 32 39 38 30 38 61 63 35 61 34 31 30 30 30 30 38 30 39 37 0d
              0x02050229  cls=0x00 idx=8 dev=41

    7296.6ms  TX  ──►  [1.3]  54 30 32 30 35 30 32 32 39 38 30 38 61 63 35 61 34 31 30 30 30 30 38 30 39 37 0d
              0x02050229  cls=0x00 idx=8 dev=41

    7327.6ms  TX  ──►  [1.3]  54 30 32 30 35 30 32 32 39 38 30 38 61 63 35 61 34 31 30 30 30 30 38 30 39 37 0d
              0x02050229  cls=0x00 idx=8 dev=41

    7351.1ms  TX  ──►  [1.3]  54 30 32 30 35 30 32 32 39 38 30 38 61 63 35 61 34 31 30 30 30 30 38 30 39 37 0d
              0x02050229  cls=0x00 idx=8 dev=41

    7377.7ms  TX  ──►  [1.3]  54 30 32 30 35 30 32 32 39 38 30 38 61 63 35 61 34 31 30 30 30 30 38 30 39 37 0d
              0x02050229  cls=0x00 idx=8 dev=41

    7401.0ms  TX  ──►  [1.3]  54 30 32 30 35 30 32 32 39 38 30 38 61 63 35 61 34 31 30 30 30 30 38 30 39 37 0d
              0x02050229  cls=0x00 idx=8 dev=41

    7427.4ms  TX  ──►  [1.3]  54 30 32 30 35 30 32 32 39 38 30 38 61 63 35 61 34 31 30 30 30 30 38 30 39 37 0d
              0x02050229  cls=0x00 idx=8 dev=41

    7451.0ms  TX  ──►  [1.3]  54 30 32 30 35 30 32 32 39 38 30 38 61 63 35 61 34 31 30 30 30 30 38 30 39 37 0d
              0x02050229  cls=0x00 idx=8 dev=41

    7477.9ms  TX  ──►  [1.3]  54 30 32 30 35 30 32 32 39 38 30 38 61 63 35 61 34 31 30 30 30 30 38 30 39 37 0d
              0x02050229  cls=0x00 idx=8 dev=41

    7507.2ms  TX  ──►  [1.3]  54 30 32 30 35 30 32 32 39 38 30 38 61 63 35 61 34 31 30 30 30 30 38 30 39 37 0d
              0x02050229  cls=0x00 idx=8 dev=41

    7527.7ms  TX  ──►  [1.3]  54 30 32 30 35 30 32 32 39 38 30 38 61 63 35 61 34 31 30 30 30 30 38 30 39 37 0d
              0x02050229  cls=0x00 idx=8 dev=41

    7551.0ms  TX  ──►  [1.3]  54 30 32 30 35 30 32 32 39 38 30 38 61 63 35 61 34 31 30 30 30 30 38 30 39 37 0d
              0x02050229  cls=0x00 idx=8 dev=41

    7577.9ms  TX  ──►  [1.3]  54 30 32 30 35 30 32 32 39 38 30 38 61 63 35 61 34 31 30 30 30 30 38 30 39 37 0d
              0x02050229  cls=0x00 idx=8 dev=41

    7601.2ms  TX  ──►  [1.3]  54 30 32 30 35 30 32 32 39 38 30 38 61 63 35 61 34 31 30 30 30 30 38 30 39 37 0d
              0x02050229  cls=0x00 idx=8 dev=41

    7627.8ms  TX  ──►  [1.3]  54 30 32 30 35 30 32 32 39 38 30 38 61 63 35 61 34 31 30 30 30 30 38 30 39 37 0d
              0x02050229  cls=0x00 idx=8 dev=41

    7651.0ms  TX  ──►  [1.3]  54 30 32 30 35 30 32 32 39 38 30 38 61 63 35 61 34 31 30 30 30 30 38 30 39 37 0d
              0x02050229  cls=0x00 idx=8 dev=41

    7678.0ms  TX  ──►  [1.3]  54 30 32 30 35 30 32 32 39 38 30 38 61 63 35 61 34 31 30 30 30 30 38 30 39 37 0d
              0x02050229  cls=0x00 idx=8 dev=41

    7711.1ms  TX  ──►  [1.3]  54 30 32 30 35 30 32 32 39 38 30 38 61 63 35 61 34 31 30 30 30 30 38 30 39 37 0d
              0x02050229  cls=0x00 idx=8 dev=41

    7744.7ms  TX  ──►  [1.3]  54 30 32 30 35 30 32 32 39 38 30 38 61 63 35 61 34 31 30 30 30 30 38 30 39 37 0d
              0x02050229  cls=0x00 idx=8 dev=41

    7777.8ms  TX  ──►  [1.3]  54 30 32 30 35 30 32 32 39 38 30 38 61 63 35 61 34 31 30 30 30 30 38 30 39 37 0d
              0x02050229  cls=0x00 idx=8 dev=41

    7801.0ms  TX  ──►  [1.3]  54 30 32 30 35 30 32 32 39 38 30 38 61 63 35 61 34 31 30 30 30 30 38 30 39 37 0d
              0x02050229  cls=0x00 idx=8 dev=41

    7827.5ms  TX  ──►  [1.3]  54 30 32 30 35 30 32 32 39 38 30 38 61 63 35 61 34 31 30 30 30 30 38 30 39 37 0d
              0x02050229  cls=0x00 idx=8 dev=41

    7851.0ms  TX  ──►  [1.3]  54 30 32 30 35 30 32 32 39 38 30 38 61 63 35 61 34 31 30 30 30 30 38 30 39 37 0d
              0x02050229  cls=0x00 idx=8 dev=41

    7877.9ms  TX  ──►  [1.3]  54 30 32 30 35 30 32 32 39 38 30 38 61 63 35 61 34 31 30 30 30 30 38 30 39 37 0d
              0x02050229  cls=0x00 idx=8 dev=41

    7901.0ms  TX  ──►  [1.3]  54 30 32 30 35 30 32 32 39 38 30 38 61 63 35 61 34 31 30 30 30 30 38 30 39 37 0d
              0x02050229  cls=0x00 idx=8 dev=41

    7926.5ms  TX  ──►  [1.3]  54 30 32 30 35 30 32 32 39 38 30 38 61 63 35 61 34 31 30 30 30 30 38 30 39 37 0d
              0x02050229  cls=0x00 idx=8 dev=41

    7951.0ms  TX  ──►  [1.3]  54 30 32 30 35 30 32 32 39 38 30 38 61 63 35 61 34 31 30 30 30 30 38 30 39 37 0d
              0x02050229  cls=0x00 idx=8 dev=41

    7977.8ms  TX  ──►  [1.3]  54 30 32 30 35 30 32 32 39 38 30 38 61 63 35 61 34 31 30 30 30 30 38 30 39 37 0d
              0x02050229  cls=0x00 idx=8 dev=41

    8001.0ms  TX  ──►  [1.3]  54 30 32 30 35 30 32 32 39 38 30 38 61 63 35 61 34 31 30 30 30 30 38 30 39 37 0d
              0x02050229  cls=0x00 idx=8 dev=41

    8027.9ms  TX  ──►  [1.3]  54 30 32 30 35 30 32 32 39 38 30 38 61 63 35 61 34 31 30 30 30 30 38 30 39 37 0d
              0x02050229  cls=0x00 idx=8 dev=41

    8051.0ms  TX  ──►  [1.3]  54 30 32 30 35 30 32 32 39 38 30 38 61 63 35 61 34 31 30 30 30 30 38 30 39 37 0d
              0x02050229  cls=0x00 idx=8 dev=41

    8078.0ms  TX  ──►  [1.3]  54 30 32 30 35 30 32 32 39 38 30 38 61 63 35 61 34 31 30 30 30 30 38 30 39 37 0d
              0x02050229  cls=0x00 idx=8 dev=41

    8101.1ms  TX  ──►  [1.3]  54 30 32 30 35 30 32 32 39 38 30 38 61 63 35 61 34 31 30 30 30 30 38 30 39 37 0d
              0x02050229  cls=0x00 idx=8 dev=41

    8127.2ms  TX  ──►  [1.3]  54 30 32 30 35 30 32 32 39 38 30 38 61 63 35 61 34 31 30 30 30 30 38 30 39 37 0d
              0x02050229  cls=0x00 idx=8 dev=41

    8150.9ms  TX  ──►  [1.3]  54 30 32 30 35 30 32 32 39 38 30 38 61 63 35 61 34 31 30 30 30 30 38 30 39 37 0d
              0x02050229  cls=0x00 idx=8 dev=41

    8178.0ms  TX  ──►  [1.3]  54 30 32 30 35 30 32 32 39 38 30 38 61 63 35 61 34 31 30 30 30 30 38 30 39 37 0d
              0x02050229  cls=0x00 idx=8 dev=41

    8201.0ms  TX  ──►  [1.3]  54 30 32 30 35 30 32 32 39 38 30 38 61 63 35 61 34 31 30 30 30 30 38 30 39 37 0d
              0x02050229  cls=0x00 idx=8 dev=41

    8227.9ms  TX  ──►  [1.3]  54 30 32 30 35 30 32 32 39 38 30 38 61 63 35 61 34 31 30 30 30 30 38 30 39 37 0d
              0x02050229  cls=0x00 idx=8 dev=41

    8250.9ms  TX  ──►  [1.3]  54 30 32 30 35 30 32 32 39 38 30 38 61 63 35 61 34 31 30 30 30 30 38 30 39 37 0d
              0x02050229  cls=0x00 idx=8 dev=41

    8277.7ms  TX  ──►  [1.3]  54 30 32 30 35 30 32 32 39 38 30 38 61 63 35 61 34 31 30 30 30 30 38 30 39 37 0d
              0x02050229  cls=0x00 idx=8 dev=41

    8301.0ms  TX  ──►  [1.3]  54 30 32 30 35 30 32 32 39 38 30 38 61 63 35 61 34 31 30 30 30 30 38 30 39 37 0d
              0x02050229  cls=0x00 idx=8 dev=41

    8327.8ms  TX  ──►  [1.3]  54 30 32 30 35 30 32 32 39 38 30 38 61 63 35 61 34 31 30 30 30 30 38 30 39 37 0d
              0x02050229  cls=0x00 idx=8 dev=41

    8350.9ms  TX  ──►  [1.3]  54 30 32 30 35 30 32 32 39 38 30 38 61 63 35 61 34 31 30 30 30 30 38 30 39 37 0d
              0x02050229  cls=0x00 idx=8 dev=41

    8377.9ms  TX  ──►  [1.3]  54 30 32 30 35 30 32 32 39 38 30 38 61 63 35 61 34 31 30 30 30 30 38 30 39 37 0d
              0x02050229  cls=0x00 idx=8 dev=41

    8401.0ms  TX  ──►  [1.3]  54 30 32 30 35 30 32 32 39 38 30 38 61 63 35 61 34 31 30 30 30 30 38 30 39 37 0d
              0x02050229  cls=0x00 idx=8 dev=41

    8427.5ms  TX  ──►  [1.3]  54 30 32 30 35 30 32 32 39 38 30 38 61 63 35 61 34 31 30 30 30 30 38 30 39 37 0d
              0x02050229  cls=0x00 idx=8 dev=41

    8450.8ms  TX  ──►  [1.3]  54 30 32 30 35 30 32 32 39 38 30 38 61 63 35 61 34 31 30 30 30 30 38 30 39 37 0d
              0x02050229  cls=0x00 idx=8 dev=41

    8478.0ms  TX  ──►  [1.3]  54 30 32 30 35 30 32 32 39 38 30 38 61 63 35 61 34 31 30 30 30 30 38 30 39 37 0d
              0x02050229  cls=0x00 idx=8 dev=41

    8501.0ms  TX  ──►  [1.3]  54 30 32 30 35 30 32 32 39 38 30 38 61 63 35 61 34 31 30 30 30 30 38 30 39 37 0d
              0x02050229  cls=0x00 idx=8 dev=41

    8527.4ms  TX  ──►  [1.3]  54 30 32 30 35 30 32 32 39 38 30 38 61 63 35 61 34 31 30 30 30 30 38 30 39 37 0d
              0x02050229  cls=0x00 idx=8 dev=41

    8550.9ms  TX  ──►  [1.3]  54 30 32 30 35 30 32 32 39 38 30 38 61 63 35 61 34 31 30 30 30 30 38 30 39 37 0d
              0x02050229  cls=0x00 idx=8 dev=41

    8577.9ms  TX  ──►  [1.3]  54 30 32 30 35 30 32 32 39 38 30 38 61 63 35 61 34 31 30 30 30 30 38 30 39 37 0d
              0x02050229  cls=0x00 idx=8 dev=41

    8600.9ms  TX  ──►  [1.3]  54 30 32 30 35 30 32 32 39 38 30 38 61 63 35 61 34 31 30 30 30 30 38 30 39 37 0d
              0x02050229  cls=0x00 idx=8 dev=41

    8627.5ms  TX  ──►  [1.3]  54 30 32 30 35 30 32 32 39 38 30 38 61 63 35 61 34 31 30 30 30 30 38 30 39 37 0d
              0x02050229  cls=0x00 idx=8 dev=41

    8651.4ms  TX  ──►  [1.3]  54 30 32 30 35 30 32 32 39 38 30 38 61 63 35 61 34 31 30 30 30 30 38 30 39 37 0d
              0x02050229  cls=0x00 idx=8 dev=41

    8677.8ms  TX  ──►  [1.3]  54 30 32 30 35 30 32 32 39 38 30 38 61 63 35 61 34 31 30 30 30 30 38 30 39 37 0d
              0x02050229  cls=0x00 idx=8 dev=41

    8700.9ms  TX  ──►  [1.3]  54 30 32 30 35 30 32 32 39 38 30 38 61 63 35 61 34 31 30 30 30 30 38 30 39 37 0d
              0x02050229  cls=0x00 idx=8 dev=41

    8727.7ms  TX  ──►  [1.3]  54 30 32 30 35 30 32 32 39 38 30 38 61 63 35 61 34 31 30 30 30 30 38 30 39 37 0d
              0x02050229  cls=0x00 idx=8 dev=41

    8750.9ms  TX  ──►  [1.3]  54 30 32 30 35 30 32 32 39 38 30 38 61 63 35 61 34 31 30 30 30 30 38 30 39 37 0d
              0x02050229  cls=0x00 idx=8 dev=41

    8777.7ms  TX  ──►  [1.3]  54 30 32 30 35 30 32 32 39 38 30 38 61 63 35 61 34 31 30 30 30 30 38 30 39 37 0d
              0x02050229  cls=0x00 idx=8 dev=41

    8801.5ms  TX  ──►  [1.3]  54 30 32 30 35 30 32 32 39 38 30 38 61 63 35 61 34 31 30 30 30 30 38 30 39 37 0d
              0x02050229  cls=0x00 idx=8 dev=41

    8829.6ms  TX  ──►  [1.3]  54 30 32 30 35 30 32 32 39 38 30 38 61 63 35 61 34 31 30 30 30 30 38 30 39 37 0d
              0x02050229  cls=0x00 idx=8 dev=41

    8860.8ms  TX  ──►  [1.3]  54 30 32 30 35 30 32 32 39 38 30 38 61 63 35 61 34 31 30 30 30 30 38 30 39 37 0d
              0x02050229  cls=0x00 idx=8 dev=41

    8887.4ms  TX  ──►  [1.3]  54 30 32 30 35 30 32 32 39 38 30 38 61 63 35 61 34 31 30 30 30 30 38 30 39 37 0d
              0x02050229  cls=0x00 idx=8 dev=41

    8908.3ms  TX  ──►  [1.3]  54 30 32 30 35 30 32 32 39 38 30 38 61 63 35 61 34 31 30 30 30 30 38 30 39 37 0d
              0x02050229  cls=0x00 idx=8 dev=41

    8928.4ms  TX  ──►  [1.3]  54 30 32 30 35 30 32 32 39 38 30 38 61 63 35 61 34 31 30 30 30 30 38 30 39 37 0d
              0x02050229  cls=0x00 idx=8 dev=41

    8948.8ms  TX  ──►  [1.3]  54 30 32 30 35 30 32 32 39 38 30 38 61 63 35 61 34 31 30 30 30 30 38 30 39 37 0d
              0x02050229  cls=0x00 idx=8 dev=41

    8972.5ms  TX  ──►  [1.3]  54 30 32 30 35 30 32 32 39 38 30 38 61 63 35 61 34 31 30 30 30 30 38 30 39 37 0d
              0x02050229  cls=0x00 idx=8 dev=41

    9011.9ms  TX  ──►  [1.3]  54 30 32 30 35 30 32 32 39 38 30 38 61 63 35 61 34 31 30 30 30 30 38 30 39 37 0d
              0x02050229  cls=0x00 idx=8 dev=41

    9031.7ms  TX  ──►  [1.3]  54 30 32 30 35 30 32 32 39 38 30 38 61 63 35 61 34 31 30 30 30 30 38 30 39 37 0d
              0x02050229  cls=0x00 idx=8 dev=41

    9052.3ms  TX  ──►  [1.3]  54 30 32 30 35 30 32 32 39 38 30 38 61 63 35 61 34 31 30 30 30 30 38 30 39 37 0d
              0x02050229  cls=0x00 idx=8 dev=41

    9072.8ms  TX  ──►  [1.3]  54 30 32 30 35 30 32 32 39 38 30 38 61 63 35 61 34 31 30 30 30 30 38 30 39 37 0d
              0x02050229  cls=0x00 idx=8 dev=41

    9092.6ms  TX  ──►  [1.3]  54 30 32 30 35 30 32 32 39 38 30 38 61 63 35 61 34 31 30 30 30 30 38 30 39 37 0d
              0x02050229  cls=0x00 idx=8 dev=41

    9112.9ms  TX  ──►  [1.3]  54 30 32 30 35 30 32 32 39 38 30 38 61 63 35 61 34 31 30 30 30 30 38 30 39 37 0d
              0x02050229  cls=0x00 idx=8 dev=41

    9133.4ms  TX  ──►  [1.3]  54 30 32 30 35 30 32 32 39 38 30 38 61 63 35 61 34 31 30 30 30 30 38 30 39 37 0d
              0x02050229  cls=0x00 idx=8 dev=41

