       0.5ms  TX  ──►  [1.3]  54 30 32 30 35 30 32 36 39 38 32 37 61 64 62 31 34 34 30 30 30 30 32 30 34 39 0d
              0x02050269  cls=0x00 idx=9 dev=41

      20.2ms  TX  ──►  [1.3]  54 30 32 30 35 30 32 36 39 38 32 37 61 64 62 31 34 34 30 30 30 30 32 30 34 39 0d
              0x02050269  cls=0x00 idx=9 dev=41

      40.8ms  TX  ──►  [1.3]  54 30 32 30 35 30 32 36 39 38 32 37 61 64 62 31 34 34 30 30 30 30 32 30 34 39 0d
              0x02050269  cls=0x00 idx=9 dev=41

      76.5ms  TX  ──►  [1.3]  54 30 32 30 35 30 32 36 39 38 32 37 61 64 62 31 34 34 30 30 30 30 32 30 34 39 0d
              0x02050269  cls=0x00 idx=9 dev=41

      99.0ms  TX  ──►  [1.3]  54 30 32 30 35 30 32 36 39 38 32 37 61 64 62 31 34 34 30 30 30 30 32 30 34 39 0d
              0x02050269  cls=0x00 idx=9 dev=41

     120.1ms  TX  ──►  [1.3]  54 30 32 30 35 30 32 36 39 38 32 37 61 64 62 31 34 34 30 30 30 30 32 30 34 39 0d
              0x02050269  cls=0x00 idx=9 dev=41

     144.2ms  TX  ──►  [1.3]  54 30 32 30 35 30 32 36 39 38 32 37 61 64 62 31 34 34 30 30 30 30 32 30 34 39 0d
              0x02050269  cls=0x00 idx=9 dev=41

     177.4ms  TX  ──►  [1.3]  54 30 32 30 35 30 32 36 39 38 32 37 61 64 62 31 34 34 30 30 30 30 32 30 34 39 0d
              0x02050269  cls=0x00 idx=9 dev=41

     206.8ms  TX  ──►  [1.3]  54 30 32 30 35 30 32 36 39 38 32 37 61 64 62 31 34 34 30 30 30 30 32 30 34 39 0d
              0x02050269  cls=0x00 idx=9 dev=41

     227.1ms  TX  ──►  [1.3]  54 30 32 30 35 30 32 36 39 38 32 37 61 64 62 31 34 34 30 30 30 30 32 30 34 39 0d
              0x02050269  cls=0x00 idx=9 dev=41

     250.9ms  TX  ──►  [1.3]  54 30 32 30 35 30 32 36 39 38 32 37 61 64 62 31 34 34 30 30 30 30 32 30 34 39 0d
              0x02050269  cls=0x00 idx=9 dev=41

     277.0ms  TX  ──►  [1.3]  54 30 32 30 35 30 32 36 39 38 32 37 61 64 62 31 34 34 30 30 30 30 32 30 34 39 0d
              0x02050269  cls=0x00 idx=9 dev=41

     302.5ms  TX  ──►  [1.3]  54 30 32 30 35 30 32 36 39 38 32 37 61 64 62 31 34 34 30 30 30 30 32 30 34 39 0d
              0x02050269  cls=0x00 idx=9 dev=41

     325.1ms  TX  ──►  [1.3]  54 30 32 30 35 30 32 36 39 38 32 37 61 64 62 31 34 34 30 30 30 30 32 30 34 39 0d
              0x02050269  cls=0x00 idx=9 dev=41

     354.6ms  TX  ──►  [1.3]  54 30 32 30 35 30 32 36 39 38 32 37 61 64 62 31 34 34 30 30 30 30 32 30 34 39 0d
              0x02050269  cls=0x00 idx=9 dev=41

     376.9ms  TX  ──►  [1.3]  54 30 32 30 35 30 32 36 39 38 32 37 61 64 62 31 34 34 30 30 30 30 32 30 34 39 0d
              0x02050269  cls=0x00 idx=9 dev=41

     398.8ms  TX  ──►  [1.3]  54 30 32 30 35 30 32 36 39 38 32 37 61 64 62 31 34 34 30 30 30 30 32 30 34 39 0d
              0x02050269  cls=0x00 idx=9 dev=41

     421.0ms  TX  ──►  [1.3]  54 30 32 30 35 30 32 36 39 38 32 37 61 64 62 31 34 34 30 30 30 30 32 30 34 39 0d
              0x02050269  cls=0x00 idx=9 dev=41

     443.4ms  TX  ──►  [1.3]  54 30 32 30 35 30 32 36 39 38 32 37 61 64 62 31 34 34 30 30 30 30 32 30 34 39 0d
              0x02050269  cls=0x00 idx=9 dev=41

     465.2ms  TX  ──►  [1.3]  54 30 32 30 35 30 32 36 39 38 32 37 61 64 62 31 34 34 30 30 30 30 32 30 34 39 0d
              0x02050269  cls=0x00 idx=9 dev=41

     492.6ms  TX  ──►  [1.3]  54 30 32 30 35 30 32 36 39 38 32 37 61 64 62 31 34 34 30 30 30 30 32 30 34 39 0d
              0x02050269  cls=0x00 idx=9 dev=41

     516.9ms  TX  ──►  [1.3]  54 30 32 30 35 30 32 36 39 38 32 37 61 64 62 31 34 34 30 30 30 30 32 30 34 39 0d
              0x02050269  cls=0x00 idx=9 dev=41

     539.1ms  TX  ──►  [1.3]  54 30 32 30 35 30 32 36 39 38 32 37 61 64 62 31 34 34 30 30 30 30 32 30 34 39 0d
              0x02050269  cls=0x00 idx=9 dev=41

     568.9ms  TX  ──►  [1.3]  54 30 32 30 35 30 32 36 39 38 32 37 61 64 62 31 34 34 30 30 30 30 32 30 34 39 0d
              0x02050269  cls=0x00 idx=9 dev=41

     594.2ms  TX  ──►  [1.3]  54 30 32 30 35 30 32 36 39 38 32 37 61 64 62 31 34 34 30 30 30 30 32 30 34 39 0d
              0x02050269  cls=0x00 idx=9 dev=41

     627.5ms  TX  ──►  [1.3]  54 30 32 30 35 30 32 36 39 38 32 37 61 64 62 31 34 34 30 30 30 30 32 30 34 39 0d
              0x02050269  cls=0x00 idx=9 dev=41

     651.5ms  TX  ──►  [1.3]  54 30 32 30 35 30 32 36 39 38 32 37 61 64 62 31 34 34 30 30 30 30 32 30 34 39 0d
              0x02050269  cls=0x00 idx=9 dev=41

     672.2ms  TX  ──►  [1.3]  54 30 32 30 35 30 32 36 39 38 32 37 61 64 62 31 34 34 30 30 30 30 32 30 34 39 0d
              0x02050269  cls=0x00 idx=9 dev=41

     707.0ms  TX  ──►  [1.3]  54 30 32 30 35 30 32 36 39 38 32 37 61 64 62 31 34 34 30 30 30 30 32 30 34 39 0d
              0x02050269  cls=0x00 idx=9 dev=41

     740.5ms  TX  ──►  [1.3]  54 30 32 30 35 30 32 36 39 38 32 37 61 64 62 31 34 34 30 30 30 30 32 30 34 39 0d
              0x02050269  cls=0x00 idx=9 dev=41

     773.2ms  TX  ──►  [1.3]  54 30 32 30 35 30 32 36 39 38 32 37 61 64 62 31 34 34 30 30 30 30 32 30 34 39 0d
              0x02050269  cls=0x00 idx=9 dev=41

     796.4ms  TX  ──►  [1.3]  54 30 32 30 35 30 32 36 39 38 32 37 61 64 62 31 34 34 30 30 30 30 32 30 34 39 0d
              0x02050269  cls=0x00 idx=9 dev=41

     823.7ms  TX  ──►  [1.3]  54 30 32 30 35 30 32 36 39 38 32 37 61 64 62 31 34 34 30 30 30 30 32 30 34 39 0d
              0x02050269  cls=0x00 idx=9 dev=41

     854.4ms  TX  ──►  [1.3]  54 30 32 30 35 30 32 36 39 38 32 37 61 64 62 31 34 34 30 30 30 30 32 30 34 39 0d
              0x02050269  cls=0x00 idx=9 dev=41

     886.3ms  TX  ──►  [1.3]  54 30 32 30 35 30 32 36 39 38 32 37 61 64 62 31 34 34 30 30 30 30 32 30 34 39 0d
              0x02050269  cls=0x00 idx=9 dev=41

     911.8ms  TX  ──►  [1.3]  54 30 32 30 35 30 32 36 39 38 32 37 61 64 62 31 34 34 30 30 30 30 32 30 34 39 0d
              0x02050269  cls=0x00 idx=9 dev=41

     942.7ms  TX  ──►  [1.3]  54 30 32 30 35 30 32 36 39 38 32 37 61 64 62 31 34 34 30 30 30 30 32 30 34 39 0d
              0x02050269  cls=0x00 idx=9 dev=41

     963.8ms  TX  ──►  [1.3]  54 30 32 30 35 30 32 36 39 38 32 37 61 64 62 31 34 34 30 30 30 30 32 30 34 39 0d
              0x02050269  cls=0x00 idx=9 dev=41

     990.1ms  TX  ──►  [1.3]  54 30 32 30 35 30 32 36 39 38 32 37 61 64 62 31 34 34 30 30 30 30 32 30 34 39 0d
              0x02050269  cls=0x00 idx=9 dev=41

    1020.4ms  TX  ──►  [1.3]  54 30 32 30 35 30 32 36 39 38 32 37 61 64 62 31 34 34 30 30 30 30 32 30 34 39 0d
              0x02050269  cls=0x00 idx=9 dev=41

    1040.8ms  TX  ──►  [1.3]  54 30 32 30 35 30 32 36 39 38 32 37 61 64 62 31 34 34 30 30 30 30 32 30 34 39 0d
              0x02050269  cls=0x00 idx=9 dev=41

    1062.2ms  TX  ──►  [1.3]  54 30 32 30 35 30 32 36 39 38 32 37 61 64 62 31 34 34 30 30 30 30 32 30 34 39 0d
              0x02050269  cls=0x00 idx=9 dev=41

    1082.3ms  TX  ──►  [1.3]  54 30 32 30 35 30 32 36 39 38 32 37 61 64 62 31 34 34 30 30 30 30 32 30 34 39 0d
              0x02050269  cls=0x00 idx=9 dev=41

    1102.6ms  TX  ──►  [1.3]  54 30 32 30 35 30 32 36 39 38 32 37 61 64 62 31 34 34 30 30 30 30 32 30 34 39 0d
              0x02050269  cls=0x00 idx=9 dev=41

    1123.3ms  TX  ──►  [1.3]  54 30 32 30 35 30 32 36 39 38 32 37 61 64 62 31 34 34 30 30 30 30 32 30 34 39 0d
              0x02050269  cls=0x00 idx=9 dev=41

    1143.5ms  TX  ──►  [1.3]  54 30 32 30 35 30 32 36 39 38 32 37 61 64 62 31 34 34 30 30 30 30 32 30 34 39 0d
              0x02050269  cls=0x00 idx=9 dev=41

    1163.9ms  TX  ──►  [1.3]  54 30 32 30 35 30 32 36 39 38 32 37 61 64 62 31 34 34 30 30 30 30 32 30 34 39 0d
              0x02050269  cls=0x00 idx=9 dev=41

    1184.9ms  TX  ──►  [1.3]  54 30 32 30 35 30 32 36 39 38 32 37 61 64 62 31 34 34 30 30 30 30 32 30 34 39 0d
              0x02050269  cls=0x00 idx=9 dev=41

    1204.7ms  TX  ──►  [1.3]  54 30 32 30 35 30 32 36 39 38 32 37 61 64 62 31 34 34 30 30 30 30 32 30 34 39 0d
              0x02050269  cls=0x00 idx=9 dev=41

    1225.6ms  TX  ──►  [1.3]  54 30 32 30 35 30 32 36 39 38 32 37 61 64 62 31 34 34 30 30 30 30 32 30 34 39 0d
              0x02050269  cls=0x00 idx=9 dev=41

    1255.7ms  TX  ──►  [1.3]  54 30 32 30 35 30 32 36 39 38 32 37 61 64 62 31 34 34 30 30 30 30 32 30 34 39 0d
              0x02050269  cls=0x00 idx=9 dev=41

    1276.7ms  TX  ──►  [1.3]  54 30 32 30 35 30 32 36 39 38 32 37 61 64 62 31 34 34 30 30 30 30 32 30 34 39 0d
              0x02050269  cls=0x00 idx=9 dev=41

    1296.7ms  TX  ──►  [1.3]  54 30 32 30 35 30 32 36 39 38 32 37 61 64 62 31 34 34 30 30 30 30 32 30 34 39 0d
              0x02050269  cls=0x00 idx=9 dev=41

    1317.0ms  TX  ──►  [1.3]  54 30 32 30 35 30 32 36 39 38 32 37 61 64 62 31 34 34 30 30 30 30 32 30 34 39 0d
              0x02050269  cls=0x00 idx=9 dev=41

    1337.5ms  TX  ──►  [1.3]  54 30 32 30 35 30 32 36 39 38 32 37 61 64 62 31 34 34 30 30 30 30 32 30 34 39 0d
              0x02050269  cls=0x00 idx=9 dev=41

    1358.1ms  TX  ──►  [1.3]  54 30 32 30 35 30 32 36 39 38 32 37 61 64 62 31 34 34 30 30 30 30 32 30 34 39 0d
              0x02050269  cls=0x00 idx=9 dev=41

    1378.6ms  TX  ──►  [1.3]  54 30 32 30 35 30 32 36 39 38 32 37 61 64 62 31 34 34 30 30 30 30 32 30 34 39 0d
              0x02050269  cls=0x00 idx=9 dev=41

    1398.9ms  TX  ──►  [1.3]  54 30 32 30 35 30 32 36 39 38 32 37 61 64 62 31 34 34 30 30 30 30 32 30 34 39 0d
              0x02050269  cls=0x00 idx=9 dev=41

    1419.4ms  TX  ──►  [1.3]  54 30 32 30 35 30 32 36 39 38 32 37 61 64 62 31 34 34 30 30 30 30 32 30 34 39 0d
              0x02050269  cls=0x00 idx=9 dev=41

    1448.4ms  TX  ──►  [1.3]  54 30 32 30 35 30 32 36 39 38 32 37 61 64 62 31 34 34 30 30 30 30 32 30 34 39 0d
              0x02050269  cls=0x00 idx=9 dev=41

    1473.8ms  TX  ──►  [1.3]  54 30 32 30 35 30 32 36 39 38 32 37 61 64 62 31 34 34 30 30 30 30 32 30 34 39 0d
              0x02050269  cls=0x00 idx=9 dev=41

    1500.3ms  TX  ──►  [1.3]  54 30 32 30 35 30 32 36 39 38 32 37 61 64 62 31 34 34 30 30 30 30 32 30 34 39 0d
              0x02050269  cls=0x00 idx=9 dev=41

    1520.8ms  TX  ──►  [1.3]  54 30 32 30 35 30 32 36 39 38 32 37 61 64 62 31 34 34 30 30 30 30 32 30 34 39 0d
              0x02050269  cls=0x00 idx=9 dev=41

    1554.5ms  TX  ──►  [1.3]  54 30 32 30 35 30 32 36 39 38 32 37 61 64 62 31 34 34 30 30 30 30 32 30 34 39 0d
              0x02050269  cls=0x00 idx=9 dev=41

    1577.7ms  TX  ──►  [1.3]  54 30 32 30 35 30 32 36 39 38 32 37 61 64 62 31 34 34 30 30 30 30 61 30 32 62 0d
              0x02050269  cls=0x00 idx=9 dev=41

    1605.0ms  TX  ──►  [1.3]  54 30 32 30 35 30 32 36 39 38 32 37 61 64 62 31 34 34 30 30 30 30 61 30 32 62 0d
              0x02050269  cls=0x00 idx=9 dev=41

    1627.7ms  TX  ──►  [1.3]  54 30 32 30 35 30 32 36 39 38 32 37 61 64 62 31 34 34 30 30 30 30 61 30 32 62 0d
              0x02050269  cls=0x00 idx=9 dev=41

    1654.4ms  TX  ──►  [1.3]  54 30 32 30 35 30 32 36 39 38 32 37 61 64 62 31 34 34 30 30 30 30 61 30 32 62 0d
              0x02050269  cls=0x00 idx=9 dev=41

    1677.7ms  TX  ──►  [1.3]  54 30 32 30 35 30 32 36 39 38 32 37 61 64 62 31 34 34 30 30 30 30 61 30 32 62 0d
              0x02050269  cls=0x00 idx=9 dev=41

    1703.7ms  TX  ──►  [1.3]  54 30 32 30 35 30 32 36 39 38 32 37 61 64 62 31 34 34 30 30 30 30 61 30 32 62 0d
              0x02050269  cls=0x00 idx=9 dev=41

    1727.6ms  TX  ──►  [1.3]  54 30 32 30 35 30 32 36 39 38 32 37 61 64 62 31 34 34 30 30 30 30 61 30 32 62 0d
              0x02050269  cls=0x00 idx=9 dev=41

    1754.4ms  TX  ──►  [1.3]  54 30 32 30 35 30 32 36 39 38 32 37 61 64 62 31 34 34 30 30 30 30 61 30 32 62 0d
              0x02050269  cls=0x00 idx=9 dev=41

    1787.7ms  TX  ──►  [1.3]  54 30 32 30 35 30 32 36 39 38 32 37 61 64 62 31 34 34 30 30 30 30 61 30 32 62 0d
              0x02050269  cls=0x00 idx=9 dev=41

    1821.0ms  TX  ──►  [1.3]  54 30 32 30 35 30 32 36 39 38 32 37 61 64 62 31 34 34 30 30 30 30 61 30 32 62 0d
              0x02050269  cls=0x00 idx=9 dev=41

    1853.1ms  TX  ──►  [1.3]  54 30 32 30 35 30 32 36 39 38 32 37 61 64 62 31 34 34 30 30 30 30 61 30 32 62 0d
              0x02050269  cls=0x00 idx=9 dev=41

    1878.0ms  TX  ──►  [1.3]  54 30 32 30 35 30 32 36 39 38 32 37 61 64 62 31 34 34 30 30 30 30 61 30 32 62 0d
              0x02050269  cls=0x00 idx=9 dev=41

    1903.9ms  TX  ──►  [1.3]  54 30 32 30 35 30 32 36 39 38 32 37 61 64 62 31 34 34 30 30 30 30 61 30 32 62 0d
              0x02050269  cls=0x00 idx=9 dev=41

    1928.1ms  TX  ──►  [1.3]  54 30 32 30 35 30 32 36 39 38 32 37 61 64 62 31 34 34 30 30 30 30 61 30 32 62 0d
              0x02050269  cls=0x00 idx=9 dev=41

    1952.9ms  TX  ──►  [1.3]  54 30 32 30 35 30 32 36 39 38 32 37 61 64 62 31 34 34 30 30 30 30 61 30 32 62 0d
              0x02050269  cls=0x00 idx=9 dev=41

    1977.7ms  TX  ──►  [1.3]  54 30 32 30 35 30 32 36 39 38 32 37 61 64 62 31 34 34 30 30 30 30 61 30 32 62 0d
              0x02050269  cls=0x00 idx=9 dev=41

    2004.2ms  TX  ──►  [1.3]  54 30 32 30 35 30 32 36 39 38 32 37 61 64 62 31 34 34 30 30 30 30 61 30 32 62 0d
              0x02050269  cls=0x00 idx=9 dev=41

    2036.3ms  TX  ──►  [1.3]  54 30 32 30 35 30 32 36 39 38 32 37 61 64 62 31 34 34 30 30 30 30 61 30 32 62 0d
              0x02050269  cls=0x00 idx=9 dev=41

    2071.0ms  TX  ──►  [1.3]  54 30 32 30 35 30 32 36 39 38 32 37 61 64 62 31 34 34 30 30 30 30 61 30 32 62 0d
              0x02050269  cls=0x00 idx=9 dev=41

    2104.3ms  TX  ──►  [1.3]  54 30 32 30 35 30 32 36 39 38 32 37 61 64 62 31 34 34 30 30 30 30 61 30 32 62 0d
              0x02050269  cls=0x00 idx=9 dev=41

    2127.4ms  TX  ──►  [1.3]  54 30 32 30 35 30 32 36 39 38 32 37 61 64 62 31 34 34 30 30 30 30 61 30 32 62 0d
              0x02050269  cls=0x00 idx=9 dev=41

    2153.2ms  TX  ──►  [1.3]  54 30 32 30 35 30 32 36 39 38 32 37 61 64 62 31 34 34 30 30 30 30 61 30 32 62 0d
              0x02050269  cls=0x00 idx=9 dev=41

    2177.0ms  TX  ──►  [1.3]  54 30 32 30 35 30 32 36 39 38 32 37 61 64 62 31 34 34 30 30 30 30 61 30 32 62 0d
              0x02050269  cls=0x00 idx=9 dev=41

    2203.3ms  TX  ──►  [1.3]  54 30 32 30 35 30 32 36 39 38 32 37 61 64 62 31 34 34 30 30 30 30 61 30 32 62 0d
              0x02050269  cls=0x00 idx=9 dev=41

    2227.5ms  TX  ──►  [1.3]  54 30 32 30 35 30 32 36 39 38 32 37 61 64 62 31 34 34 30 30 30 30 61 30 32 62 0d
              0x02050269  cls=0x00 idx=9 dev=41

    2253.4ms  TX  ──►  [1.3]  54 30 32 30 35 30 32 36 39 38 32 37 61 64 62 31 34 34 30 30 30 30 61 30 32 62 0d
              0x02050269  cls=0x00 idx=9 dev=41

    2277.4ms  TX  ──►  [1.3]  54 30 32 30 35 30 32 36 39 38 32 37 61 64 62 31 34 34 30 30 30 30 61 30 32 62 0d
              0x02050269  cls=0x00 idx=9 dev=41

    2304.1ms  TX  ──►  [1.3]  54 30 32 30 35 30 32 36 39 38 32 37 61 64 62 31 34 34 30 30 30 30 61 30 32 62 0d
              0x02050269  cls=0x00 idx=9 dev=41

    2327.3ms  TX  ──►  [1.3]  54 30 32 30 35 30 32 36 39 38 32 37 61 64 62 31 34 34 30 30 30 30 61 30 32 62 0d
              0x02050269  cls=0x00 idx=9 dev=41

    2353.5ms  TX  ──►  [1.3]  54 30 32 30 35 30 32 36 39 38 32 37 61 64 62 31 34 34 30 30 30 30 61 30 32 62 0d
              0x02050269  cls=0x00 idx=9 dev=41

    2377.5ms  TX  ──►  [1.3]  54 30 32 30 35 30 32 36 39 38 32 37 61 64 62 31 34 34 30 30 30 30 61 30 32 62 0d
              0x02050269  cls=0x00 idx=9 dev=41

    2404.2ms  TX  ──►  [1.3]  54 30 32 30 35 30 32 36 39 38 32 37 61 64 62 31 34 34 30 30 30 30 61 30 32 62 0d
              0x02050269  cls=0x00 idx=9 dev=41

    2427.4ms  TX  ──►  [1.3]  54 30 32 30 35 30 32 36 39 38 32 37 61 64 62 31 34 34 30 30 30 30 61 30 32 62 0d
              0x02050269  cls=0x00 idx=9 dev=41

    2453.9ms  TX  ──►  [1.3]  54 30 32 30 35 30 32 36 39 38 32 37 61 64 62 31 34 34 30 30 30 30 61 30 32 62 0d
              0x02050269  cls=0x00 idx=9 dev=41

    2487.2ms  TX  ──►  [1.3]  54 30 32 30 35 30 32 36 39 38 32 37 61 64 62 31 34 34 30 30 30 30 61 30 32 62 0d
              0x02050269  cls=0x00 idx=9 dev=41

    2520.4ms  TX  ──►  [1.3]  54 30 32 30 35 30 32 36 39 38 32 37 61 64 62 31 34 34 30 30 30 30 61 30 32 62 0d
              0x02050269  cls=0x00 idx=9 dev=41

    2554.1ms  TX  ──►  [1.3]  54 30 32 30 35 30 32 36 39 38 32 37 61 64 62 31 34 34 30 30 30 30 61 30 32 62 0d
              0x02050269  cls=0x00 idx=9 dev=41

    2576.5ms  TX  ──►  [1.3]  54 30 32 30 35 30 32 36 39 38 32 37 61 64 62 31 34 34 30 30 30 30 61 30 32 62 0d
              0x02050269  cls=0x00 idx=9 dev=41

    2604.2ms  TX  ──►  [1.3]  54 30 32 30 35 30 32 36 39 38 32 37 61 64 62 31 34 34 30 30 30 30 61 30 32 62 0d
              0x02050269  cls=0x00 idx=9 dev=41

    2631.8ms  TX  ──►  [1.3]  54 30 32 30 35 30 32 36 39 38 32 37 61 64 62 31 34 34 30 30 30 30 61 30 32 62 0d
              0x02050269  cls=0x00 idx=9 dev=41

    2665.4ms  TX  ──►  [1.3]  54 30 32 30 35 30 32 36 39 38 32 37 61 64 62 31 34 34 30 30 30 30 61 30 32 62 0d
              0x02050269  cls=0x00 idx=9 dev=41

    2687.3ms  TX  ──►  [1.3]  54 30 32 30 35 30 32 36 39 38 32 37 61 64 62 31 34 34 30 30 30 30 61 30 32 62 0d
              0x02050269  cls=0x00 idx=9 dev=41

    2720.4ms  TX  ──►  [1.3]  54 30 32 30 35 30 32 36 39 38 32 37 61 64 62 31 34 34 30 30 30 30 61 30 32 62 0d
              0x02050269  cls=0x00 idx=9 dev=41

    2754.3ms  TX  ──►  [1.3]  54 30 32 30 35 30 32 36 39 38 32 37 61 64 62 31 34 34 30 30 30 30 61 30 32 62 0d
              0x02050269  cls=0x00 idx=9 dev=41

    2777.3ms  TX  ──►  [1.3]  54 30 32 30 35 30 32 36 39 38 32 37 61 64 62 31 34 34 30 30 30 30 61 30 32 62 0d
              0x02050269  cls=0x00 idx=9 dev=41

    2804.2ms  TX  ──►  [1.3]  54 30 32 30 35 30 32 36 39 38 32 37 61 64 62 31 34 34 30 30 30 30 61 30 32 62 0d
              0x02050269  cls=0x00 idx=9 dev=41

    2827.4ms  TX  ──►  [1.3]  54 30 32 30 35 30 32 36 39 38 32 37 61 64 62 31 34 34 30 30 30 30 61 30 32 62 0d
              0x02050269  cls=0x00 idx=9 dev=41

    2853.9ms  TX  ──►  [1.3]  54 30 32 30 35 30 32 36 39 38 32 37 61 64 62 31 34 34 30 30 30 30 61 30 32 62 0d
              0x02050269  cls=0x00 idx=9 dev=41

    2877.4ms  TX  ──►  [1.3]  54 30 32 30 35 30 32 36 39 38 32 37 61 64 62 31 34 34 30 30 30 30 61 30 32 62 0d
              0x02050269  cls=0x00 idx=9 dev=41

    2904.5ms  TX  ──►  [1.3]  54 30 32 30 35 30 32 36 39 38 32 37 61 64 62 31 34 34 30 30 30 30 61 30 32 62 0d
              0x02050269  cls=0x00 idx=9 dev=41

    2927.4ms  TX  ──►  [1.3]  54 30 32 30 35 30 32 36 39 38 32 37 61 64 62 31 34 34 30 30 30 30 61 30 32 62 0d
              0x02050269  cls=0x00 idx=9 dev=41

    2954.0ms  TX  ──►  [1.3]  54 30 32 30 35 30 32 36 39 38 32 37 61 64 62 31 34 34 30 30 30 30 61 30 32 62 0d
              0x02050269  cls=0x00 idx=9 dev=41

    2977.4ms  TX  ──►  [1.3]  54 30 32 30 35 30 32 36 39 38 32 37 61 64 62 31 34 34 30 30 30 30 61 30 32 62 0d
              0x02050269  cls=0x00 idx=9 dev=41

    3004.3ms  TX  ──►  [1.3]  54 30 32 30 35 30 32 36 39 38 32 37 61 64 62 31 34 34 30 30 30 30 61 30 32 62 0d
              0x02050269  cls=0x00 idx=9 dev=41

    3027.5ms  TX  ──►  [1.3]  54 30 32 30 35 30 32 36 39 38 32 37 61 64 62 31 34 34 30 30 30 30 61 30 32 62 0d
              0x02050269  cls=0x00 idx=9 dev=41

    3053.7ms  TX  ──►  [1.3]  54 30 32 30 35 30 32 36 39 38 32 37 61 64 62 31 34 34 30 30 30 30 61 30 32 62 0d
              0x02050269  cls=0x00 idx=9 dev=41

    3077.4ms  TX  ──►  [1.3]  54 30 32 30 35 30 32 36 39 38 32 37 61 64 62 31 34 34 30 30 30 30 61 30 32 62 0d
              0x02050269  cls=0x00 idx=9 dev=41

    3103.9ms  TX  ──►  [1.3]  54 30 32 30 35 30 32 36 39 38 32 37 61 64 62 31 34 34 30 30 30 30 61 30 32 62 0d
              0x02050269  cls=0x00 idx=9 dev=41

    3127.4ms  TX  ──►  [1.3]  54 30 32 30 35 30 32 36 39 38 32 37 61 64 62 31 34 34 30 30 30 30 61 30 32 62 0d
              0x02050269  cls=0x00 idx=9 dev=41

    3153.8ms  TX  ──►  [1.3]  54 30 32 30 35 30 32 36 39 38 32 37 61 64 62 31 34 34 30 30 30 30 61 30 32 62 0d
              0x02050269  cls=0x00 idx=9 dev=41

    3177.5ms  TX  ──►  [1.3]  54 30 32 30 35 30 32 36 39 38 32 37 61 64 62 31 34 34 30 30 30 30 61 30 32 62 0d
              0x02050269  cls=0x00 idx=9 dev=41

    3204.4ms  TX  ──►  [1.3]  54 30 32 30 35 30 32 36 39 38 32 37 61 64 62 31 34 34 30 30 30 30 61 30 32 62 0d
              0x02050269  cls=0x00 idx=9 dev=41

    3227.5ms  TX  ──►  [1.3]  54 30 32 30 35 30 32 36 39 38 32 37 61 64 62 31 34 34 30 30 30 30 61 30 32 62 0d
              0x02050269  cls=0x00 idx=9 dev=41

    3253.8ms  TX  ──►  [1.3]  54 30 32 30 35 30 32 36 39 38 32 37 61 64 62 31 34 34 30 30 30 30 61 30 32 62 0d
              0x02050269  cls=0x00 idx=9 dev=41

    3277.4ms  TX  ──►  [1.3]  54 30 32 30 35 30 32 36 39 38 32 37 61 64 62 31 34 34 30 30 30 30 61 30 32 62 0d
              0x02050269  cls=0x00 idx=9 dev=41

    3304.3ms  TX  ──►  [1.3]  54 30 32 30 35 30 32 36 39 38 32 37 61 64 62 31 34 34 30 30 30 30 61 30 32 62 0d
              0x02050269  cls=0x00 idx=9 dev=41

    3337.5ms  TX  ──►  [1.3]  54 30 32 30 35 30 32 36 39 38 32 37 61 64 62 31 34 34 30 30 30 30 61 30 32 62 0d
              0x02050269  cls=0x00 idx=9 dev=41

    3370.7ms  TX  ──►  [1.3]  54 30 32 30 35 30 32 36 39 38 32 37 61 64 62 31 34 34 30 30 30 30 61 30 32 62 0d
              0x02050269  cls=0x00 idx=9 dev=41

    3404.1ms  TX  ──►  [1.3]  54 30 32 30 35 30 32 36 39 38 32 37 61 64 62 31 34 34 30 30 30 30 61 30 32 62 0d
              0x02050269  cls=0x00 idx=9 dev=41

    3427.4ms  TX  ──►  [1.3]  54 30 32 30 35 30 32 36 39 38 32 37 61 64 62 31 34 34 30 30 30 30 61 30 32 62 0d
              0x02050269  cls=0x00 idx=9 dev=41

    3453.9ms  TX  ──►  [1.3]  54 30 32 30 35 30 32 36 39 38 32 37 61 64 62 31 34 34 30 30 30 30 61 30 32 62 0d
              0x02050269  cls=0x00 idx=9 dev=41

    3477.3ms  TX  ──►  [1.3]  54 30 32 30 35 30 32 36 39 38 32 37 61 64 62 31 34 34 30 30 30 30 61 30 32 62 0d
              0x02050269  cls=0x00 idx=9 dev=41

    3504.3ms  TX  ──►  [1.3]  54 30 32 30 35 30 32 36 39 38 32 37 61 64 62 31 34 34 30 30 30 30 61 30 32 62 0d
              0x02050269  cls=0x00 idx=9 dev=41

    3527.4ms  TX  ──►  [1.3]  54 30 32 30 35 30 32 36 39 38 32 37 61 64 62 31 34 34 30 30 30 30 61 30 32 62 0d
              0x02050269  cls=0x00 idx=9 dev=41

    3553.9ms  TX  ──►  [1.3]  54 30 32 30 35 30 32 36 39 38 32 37 61 64 62 31 34 34 30 30 30 30 61 30 32 62 0d
              0x02050269  cls=0x00 idx=9 dev=41

    3577.3ms  TX  ──►  [1.3]  54 30 32 30 35 30 32 36 39 38 32 37 61 64 62 31 34 34 30 30 30 30 61 30 32 62 0d
              0x02050269  cls=0x00 idx=9 dev=41

    3604.2ms  TX  ──►  [1.3]  54 30 32 30 35 30 32 36 39 38 32 37 61 64 62 31 34 34 30 30 30 30 61 30 32 62 0d
              0x02050269  cls=0x00 idx=9 dev=41

    3637.4ms  TX  ──►  [1.3]  54 30 32 30 35 30 32 36 39 38 32 37 61 64 62 31 34 34 30 30 30 30 61 30 32 62 0d
              0x02050269  cls=0x00 idx=9 dev=41

    3671.5ms  TX  ──►  [1.3]  54 30 32 30 35 30 32 36 39 38 32 37 61 64 62 31 34 34 30 30 30 30 61 30 32 62 0d
              0x02050269  cls=0x00 idx=9 dev=41

    3703.9ms  TX  ──►  [1.3]  54 30 32 30 35 30 32 36 39 38 32 37 61 64 62 31 34 34 30 30 30 30 61 30 32 62 0d
              0x02050269  cls=0x00 idx=9 dev=41

    3724.1ms  TX  ──►  [1.3]  54 30 32 30 35 30 32 36 39 38 32 37 61 64 62 31 34 34 30 30 30 30 61 30 32 62 0d
              0x02050269  cls=0x00 idx=9 dev=41

    3744.7ms  TX  ──►  [1.3]  54 30 32 30 35 30 32 36 39 38 32 37 61 64 62 31 34 34 30 30 30 30 61 30 32 62 0d
              0x02050269  cls=0x00 idx=9 dev=41

    3765.9ms  TX  ──►  [1.3]  54 30 32 30 35 30 32 36 39 38 32 37 61 64 62 31 34 34 30 30 30 30 61 30 32 62 0d
              0x02050269  cls=0x00 idx=9 dev=41

    3786.0ms  TX  ──►  [1.3]  54 30 32 30 35 30 32 36 39 38 32 37 61 64 62 31 34 34 30 30 30 30 61 30 32 62 0d
              0x02050269  cls=0x00 idx=9 dev=41

    3806.7ms  TX  ──►  [1.3]  54 30 32 30 35 30 32 36 39 38 32 37 61 64 62 31 34 34 30 30 30 30 61 30 32 62 0d
              0x02050269  cls=0x00 idx=9 dev=41

    3826.9ms  TX  ──►  [1.3]  54 30 32 30 35 30 32 36 39 38 32 37 61 64 62 31 34 34 30 30 30 30 61 30 32 62 0d
              0x02050269  cls=0x00 idx=9 dev=41

    3847.0ms  TX  ──►  [1.3]  54 30 32 30 35 30 32 36 39 38 32 37 61 64 62 31 34 34 30 30 30 30 61 30 32 62 0d
              0x02050269  cls=0x00 idx=9 dev=41

    3867.3ms  TX  ──►  [1.3]  54 30 32 30 35 30 32 36 39 38 32 37 61 64 62 31 34 34 30 30 30 30 61 30 32 62 0d
              0x02050269  cls=0x00 idx=9 dev=41

    3887.9ms  TX  ──►  [1.3]  54 30 32 30 35 30 32 36 39 38 32 37 61 64 62 31 34 34 30 30 30 30 61 30 32 62 0d
              0x02050269  cls=0x00 idx=9 dev=41

    3908.0ms  TX  ──►  [1.3]  54 30 32 30 35 30 32 36 39 38 32 37 61 64 62 31 34 34 30 30 30 30 61 30 32 62 0d
              0x02050269  cls=0x00 idx=9 dev=41

    3928.7ms  TX  ──►  [1.3]  54 30 32 30 35 30 32 36 39 38 32 37 61 64 62 31 34 34 30 30 30 30 61 30 32 62 0d
              0x02050269  cls=0x00 idx=9 dev=41

    3949.2ms  TX  ──►  [1.3]  54 30 32 30 35 30 32 36 39 38 32 37 61 64 62 31 34 34 30 30 30 30 61 30 32 62 0d
              0x02050269  cls=0x00 idx=9 dev=41

    3969.4ms  TX  ──►  [1.3]  54 30 32 30 35 30 32 36 39 38 32 37 61 64 62 31 34 34 30 30 30 30 61 30 32 62 0d
              0x02050269  cls=0x00 idx=9 dev=41

    3990.0ms  TX  ──►  [1.3]  54 30 32 30 35 30 32 36 39 38 32 37 61 64 62 31 34 34 30 30 30 30 61 30 32 62 0d
              0x02050269  cls=0x00 idx=9 dev=41

    4010.8ms  TX  ──►  [1.3]  54 30 32 30 35 30 32 36 39 38 32 37 61 64 62 31 34 34 30 30 30 30 61 30 32 62 0d
              0x02050269  cls=0x00 idx=9 dev=41

    4030.8ms  TX  ──►  [1.3]  54 30 32 30 35 30 32 36 39 38 32 37 61 64 62 31 34 34 30 30 30 30 61 30 32 62 0d
              0x02050269  cls=0x00 idx=9 dev=41

    4051.3ms  TX  ──►  [1.3]  54 30 32 30 35 30 32 36 39 38 32 37 61 64 62 31 34 34 30 30 30 30 61 30 32 62 0d
              0x02050269  cls=0x00 idx=9 dev=41

    4072.2ms  TX  ──►  [1.3]  54 30 32 30 35 30 32 36 39 38 32 37 61 64 62 31 34 34 30 30 30 30 61 30 32 62 0d
              0x02050269  cls=0x00 idx=9 dev=41

    4092.5ms  TX  ──►  [1.3]  54 30 32 30 35 30 32 36 39 38 32 37 61 64 62 31 34 34 30 30 30 30 61 30 32 62 0d
              0x02050269  cls=0x00 idx=9 dev=41

    4113.3ms  TX  ──►  [1.3]  54 30 32 30 35 30 32 36 39 38 32 37 61 64 62 31 34 34 30 30 30 30 61 30 32 62 0d
              0x02050269  cls=0x00 idx=9 dev=41

    4133.4ms  TX  ──►  [1.3]  54 30 32 30 35 30 32 36 39 38 32 37 61 64 62 31 34 34 30 30 30 30 61 30 32 62 0d
              0x02050269  cls=0x00 idx=9 dev=41

    4153.1ms  TX  ──►  [1.3]  54 30 32 30 35 30 32 36 39 38 32 37 61 64 62 31 34 34 30 30 30 30 61 30 32 62 0d
              0x02050269  cls=0x00 idx=9 dev=41

    4173.6ms  TX  ──►  [1.3]  54 30 32 30 35 30 32 36 39 38 32 37 61 64 62 31 34 34 30 30 30 30 61 30 32 62 0d
              0x02050269  cls=0x00 idx=9 dev=41

    4193.8ms  TX  ──►  [1.3]  54 30 32 30 35 30 32 36 39 38 32 37 61 64 62 31 34 34 30 30 30 30 61 30 32 62 0d
              0x02050269  cls=0x00 idx=9 dev=41

    4213.9ms  TX  ──►  [1.3]  54 30 32 30 35 30 32 36 39 38 32 37 61 64 62 31 34 34 30 30 30 30 61 30 32 62 0d
              0x02050269  cls=0x00 idx=9 dev=41

    4233.8ms  TX  ──►  [1.3]  54 30 32 30 35 30 32 36 39 38 32 37 61 64 62 31 34 34 30 30 30 30 61 30 32 62 0d
              0x02050269  cls=0x00 idx=9 dev=41

    4254.7ms  TX  ──►  [1.3]  54 30 32 30 35 30 32 36 39 38 32 37 61 64 62 31 34 34 30 30 30 30 61 30 32 62 0d
              0x02050269  cls=0x00 idx=9 dev=41

    4275.1ms  TX  ──►  [1.3]  54 30 32 30 35 30 32 36 39 38 32 37 61 64 62 31 34 34 30 30 30 30 61 30 32 62 0d
              0x02050269  cls=0x00 idx=9 dev=41

    4295.3ms  TX  ──►  [1.3]  54 30 32 30 35 30 32 36 39 38 32 37 61 64 62 31 34 34 30 30 30 30 61 30 32 62 0d
              0x02050269  cls=0x00 idx=9 dev=41

    4316.2ms  TX  ──►  [1.3]  54 30 32 30 35 30 32 36 39 38 32 37 61 64 62 31 34 34 30 30 30 30 61 30 32 62 0d
              0x02050269  cls=0x00 idx=9 dev=41

    4336.3ms  TX  ──►  [1.3]  54 30 32 30 35 30 32 36 39 38 32 37 61 64 62 31 34 34 30 30 30 30 61 30 32 62 0d
              0x02050269  cls=0x00 idx=9 dev=41

    4356.1ms  TX  ──►  [1.3]  54 30 32 30 35 30 32 36 39 38 32 37 61 64 62 31 34 34 30 30 30 30 61 30 32 62 0d
              0x02050269  cls=0x00 idx=9 dev=41

    4377.0ms  TX  ──►  [1.3]  54 30 32 30 35 30 32 36 39 38 32 37 61 64 62 31 34 34 30 30 30 30 61 30 32 62 0d
              0x02050269  cls=0x00 idx=9 dev=41

    4396.9ms  TX  ──►  [1.3]  54 30 32 30 35 30 32 36 39 38 32 37 61 64 62 31 34 34 30 30 30 30 61 30 32 62 0d
              0x02050269  cls=0x00 idx=9 dev=41

    4426.8ms  TX  ──►  [1.3]  54 30 32 30 35 30 32 36 39 38 32 37 61 64 62 31 34 34 30 30 30 30 61 30 32 62 0d
              0x02050269  cls=0x00 idx=9 dev=41

    4446.8ms  TX  ──►  [1.3]  54 30 32 30 35 30 32 36 39 38 32 37 61 64 62 31 34 34 30 30 30 30 61 30 32 62 0d
              0x02050269  cls=0x00 idx=9 dev=41

    4467.6ms  TX  ──►  [1.3]  54 30 32 30 35 30 32 36 39 38 32 37 61 64 62 31 34 34 30 30 30 30 61 30 32 62 0d
              0x02050269  cls=0x00 idx=9 dev=41

    4487.6ms  TX  ──►  [1.3]  54 30 32 30 35 30 32 36 39 38 32 37 61 64 62 31 34 34 30 30 30 30 61 30 32 62 0d
              0x02050269  cls=0x00 idx=9 dev=41

    4508.2ms  TX  ──►  [1.3]  54 30 32 30 35 30 32 36 39 38 32 37 61 64 62 31 34 34 30 30 30 30 61 30 32 62 0d
              0x02050269  cls=0x00 idx=9 dev=41

    4529.0ms  TX  ──►  [1.3]  54 30 32 30 35 30 32 36 39 38 32 37 61 64 62 31 34 34 30 30 30 30 61 30 32 62 0d
              0x02050269  cls=0x00 idx=9 dev=41

    4549.7ms  TX  ──►  [1.3]  54 30 32 30 35 30 32 36 39 38 32 37 61 64 62 31 34 34 30 30 30 30 61 30 32 62 0d
              0x02050269  cls=0x00 idx=9 dev=41

    4569.8ms  TX  ──►  [1.3]  54 30 32 30 35 30 32 36 39 38 32 37 61 64 62 31 34 34 30 30 30 30 61 30 32 62 0d
              0x02050269  cls=0x00 idx=9 dev=41

    4590.4ms  TX  ──►  [1.3]  54 30 32 30 35 30 32 36 39 38 32 37 61 64 62 31 34 34 30 30 30 30 61 30 32 62 0d
              0x02050269  cls=0x00 idx=9 dev=41

    4611.0ms  TX  ──►  [1.3]  54 30 32 30 35 30 32 36 39 38 32 37 61 64 62 31 34 34 30 30 30 30 61 30 32 62 0d
              0x02050269  cls=0x00 idx=9 dev=41

    4631.1ms  TX  ──►  [1.3]  54 30 32 30 35 30 32 36 39 38 32 37 61 64 62 31 34 34 30 30 30 30 61 30 32 62 0d
              0x02050269  cls=0x00 idx=9 dev=41

    4651.7ms  TX  ──►  [1.3]  54 30 32 30 35 30 32 36 39 38 32 37 61 64 62 31 34 34 30 30 30 30 61 30 32 62 0d
              0x02050269  cls=0x00 idx=9 dev=41

    4671.1ms  TX  ──►  [1.3]  54 30 32 30 35 30 32 36 39 38 32 37 61 64 62 31 34 34 30 30 30 30 61 30 32 62 0d
              0x02050269  cls=0x00 idx=9 dev=41

    4691.5ms  TX  ──►  [1.3]  54 30 32 30 35 30 32 36 39 38 32 37 61 64 62 31 34 34 30 30 30 30 61 30 32 62 0d
              0x02050269  cls=0x00 idx=9 dev=41

    4712.0ms  TX  ──►  [1.3]  54 30 32 30 35 30 32 36 39 38 32 37 61 64 62 31 34 34 30 30 30 30 61 30 32 62 0d
              0x02050269  cls=0x00 idx=9 dev=41

    4732.1ms  TX  ──►  [1.3]  54 30 32 30 35 30 32 36 39 38 32 37 61 64 62 31 34 34 30 30 30 30 61 30 32 62 0d
              0x02050269  cls=0x00 idx=9 dev=41

    4752.4ms  TX  ──►  [1.3]  54 30 32 30 35 30 32 36 39 38 32 37 61 64 62 31 34 34 30 30 30 30 61 30 32 62 0d
              0x02050269  cls=0x00 idx=9 dev=41

    4773.2ms  TX  ──►  [1.3]  54 30 32 30 35 30 32 36 39 38 32 37 61 64 62 31 34 34 30 30 30 30 61 30 32 62 0d
              0x02050269  cls=0x00 idx=9 dev=41

    4792.9ms  TX  ──►  [1.3]  54 30 32 30 35 30 32 36 39 38 32 37 61 64 62 31 34 34 30 30 30 30 61 30 32 62 0d
              0x02050269  cls=0x00 idx=9 dev=41

    4813.4ms  TX  ──►  [1.3]  54 30 32 30 35 30 32 36 39 38 32 37 61 64 62 31 34 34 30 30 30 30 61 30 32 62 0d
              0x02050269  cls=0x00 idx=9 dev=41

    4834.2ms  TX  ──►  [1.3]  54 30 32 30 35 30 32 36 39 38 32 37 61 64 62 31 34 34 30 30 30 30 61 30 32 62 0d
              0x02050269  cls=0x00 idx=9 dev=41

    4854.6ms  TX  ──►  [1.3]  54 30 32 30 35 30 32 36 39 38 32 37 61 64 62 31 34 34 30 30 30 30 61 30 32 62 0d
              0x02050269  cls=0x00 idx=9 dev=41

    4874.9ms  TX  ──►  [1.3]  54 30 32 30 35 30 32 36 39 38 32 37 61 64 62 31 34 34 30 30 30 30 61 30 32 62 0d
              0x02050269  cls=0x00 idx=9 dev=41

    4895.9ms  TX  ──►  [1.3]  54 30 32 30 35 30 32 36 39 38 32 37 61 64 62 31 34 34 30 30 30 30 61 30 32 62 0d
              0x02050269  cls=0x00 idx=9 dev=41

    4915.9ms  TX  ──►  [1.3]  54 30 32 30 35 30 32 36 39 38 32 37 61 64 62 31 34 34 30 30 30 30 61 30 32 62 0d
              0x02050269  cls=0x00 idx=9 dev=41

    4935.8ms  TX  ──►  [1.3]  54 30 32 30 35 30 32 36 39 38 32 37 61 64 62 31 34 34 30 30 30 30 61 30 32 62 0d
              0x02050269  cls=0x00 idx=9 dev=41

    4957.2ms  TX  ──►  [1.3]  54 30 32 30 35 30 32 36 39 38 32 37 61 64 62 31 34 34 30 30 30 30 61 30 32 62 0d
              0x02050269  cls=0x00 idx=9 dev=41

    4977.0ms  TX  ──►  [1.3]  54 30 32 30 35 30 32 36 39 38 32 37 61 64 62 31 34 34 30 30 30 30 61 30 32 62 0d
              0x02050269  cls=0x00 idx=9 dev=41

    4997.4ms  TX  ──►  [1.3]  54 30 32 30 35 30 32 36 39 38 32 37 61 64 62 31 34 34 30 30 30 30 61 30 32 62 0d
              0x02050269  cls=0x00 idx=9 dev=41

    5017.6ms  TX  ──►  [1.3]  54 30 32 30 35 30 32 36 39 38 32 37 61 64 62 31 34 34 30 30 30 30 61 30 32 62 0d
              0x02050269  cls=0x00 idx=9 dev=41

    5038.1ms  TX  ──►  [1.3]  54 30 32 30 35 30 32 36 39 38 32 37 61 64 62 31 34 34 30 30 30 30 61 30 32 62 0d
              0x02050269  cls=0x00 idx=9 dev=41

    5058.8ms  TX  ──►  [1.3]  54 30 32 30 35 30 32 36 39 38 32 37 61 64 62 31 34 34 30 30 30 30 61 30 32 62 0d
              0x02050269  cls=0x00 idx=9 dev=41

    5079.8ms  TX  ──►  [1.3]  54 30 32 30 35 30 32 36 39 38 32 37 61 64 62 31 34 34 30 30 30 30 61 30 32 62 0d
              0x02050269  cls=0x00 idx=9 dev=41

    5100.0ms  TX  ──►  [1.3]  54 30 32 30 35 30 32 36 39 38 32 37 61 64 62 31 34 34 30 30 30 30 61 30 32 62 0d
              0x02050269  cls=0x00 idx=9 dev=41

    5126.9ms  TX  ──►  [1.3]  54 30 32 30 35 30 32 36 39 38 32 37 61 64 62 31 34 34 30 30 30 30 61 30 32 62 0d
              0x02050269  cls=0x00 idx=9 dev=41

    5155.8ms  TX  ──►  [1.3]  54 30 32 30 35 30 32 36 39 38 32 37 61 64 62 31 34 34 30 30 30 30 61 30 32 62 0d
              0x02050269  cls=0x00 idx=9 dev=41

    5189.9ms  TX  ──►  [1.3]  54 30 32 30 35 30 32 36 39 38 32 37 61 64 62 31 34 34 30 30 30 30 61 30 32 62 0d
              0x02050269  cls=0x00 idx=9 dev=41

    5213.5ms  TX  ──►  [1.3]  54 30 32 30 35 30 32 36 39 38 32 37 61 64 62 31 34 34 30 30 30 30 61 30 32 62 0d
              0x02050269  cls=0x00 idx=9 dev=41

    5239.4ms  TX  ──►  [1.3]  54 30 32 30 35 30 32 36 39 38 32 37 61 64 62 31 34 34 30 30 30 30 61 30 32 62 0d
              0x02050269  cls=0x00 idx=9 dev=41

    5262.7ms  TX  ──►  [1.3]  54 30 32 30 35 30 32 36 39 38 32 37 61 64 62 31 34 34 30 30 30 30 61 30 32 62 0d
              0x02050269  cls=0x00 idx=9 dev=41

    5289.1ms  TX  ──►  [1.3]  54 30 32 30 35 30 32 36 39 38 32 37 61 64 62 31 34 34 30 30 30 30 61 30 32 62 0d
              0x02050269  cls=0x00 idx=9 dev=41

    5321.3ms  TX  ──►  [1.3]  54 30 32 30 35 30 32 36 39 38 32 37 61 64 62 31 34 34 30 30 30 30 61 30 32 62 0d
              0x02050269  cls=0x00 idx=9 dev=41

    5350.9ms  TX  ──►  [1.3]  54 30 32 30 35 30 32 36 39 38 32 37 61 64 62 31 34 34 30 30 30 30 61 30 32 62 0d
              0x02050269  cls=0x00 idx=9 dev=41

    5373.5ms  TX  ──►  [1.3]  54 30 32 30 35 30 32 36 39 38 32 37 61 64 62 31 34 34 30 30 30 30 61 30 32 62 0d
              0x02050269  cls=0x00 idx=9 dev=41

    5410.0ms  TX  ──►  [1.3]  54 30 32 30 35 30 32 36 39 38 32 37 61 64 62 31 34 34 30 30 30 30 61 30 32 62 0d
              0x02050269  cls=0x00 idx=9 dev=41

    5435.9ms  TX  ──►  [1.3]  54 30 32 30 35 30 32 36 39 38 32 37 61 64 62 31 34 34 30 30 30 30 61 30 32 62 0d
              0x02050269  cls=0x00 idx=9 dev=41

    5458.0ms  TX  ──►  [1.3]  54 30 32 30 35 30 32 36 39 38 32 37 61 64 62 31 34 34 30 30 30 30 61 30 32 62 0d
              0x02050269  cls=0x00 idx=9 dev=41

    5481.0ms  TX  ──►  [1.3]  54 30 32 30 35 30 32 36 39 38 32 37 61 64 62 31 34 34 30 30 30 30 61 30 32 62 0d
              0x02050269  cls=0x00 idx=9 dev=41

    5507.5ms  TX  ──►  [1.3]  54 30 32 30 35 30 32 36 39 38 32 37 61 64 62 31 34 34 30 30 30 30 61 30 32 62 0d
              0x02050269  cls=0x00 idx=9 dev=41

    5542.4ms  TX  ──►  [1.3]  54 30 32 30 35 30 32 36 39 38 32 37 61 64 62 31 34 34 30 30 30 30 61 30 32 62 0d
              0x02050269  cls=0x00 idx=9 dev=41

    5564.5ms  TX  ──►  [1.3]  54 30 32 30 35 30 32 36 39 38 32 37 61 64 62 31 34 34 30 30 30 30 61 30 32 62 0d
              0x02050269  cls=0x00 idx=9 dev=41

    5589.9ms  TX  ──►  [1.3]  54 30 32 30 35 30 32 36 39 38 32 37 61 64 62 31 34 34 30 30 30 30 61 30 32 62 0d
              0x02050269  cls=0x00 idx=9 dev=41

    5614.3ms  TX  ──►  [1.3]  54 30 32 30 35 30 32 36 39 38 32 37 61 64 62 31 34 34 30 30 30 30 61 30 32 62 0d
              0x02050269  cls=0x00 idx=9 dev=41

    5639.3ms  TX  ──►  [1.3]  54 30 32 30 35 30 32 36 39 38 32 37 61 64 62 31 34 34 30 30 30 30 61 30 32 62 0d
              0x02050269  cls=0x00 idx=9 dev=41

    5663.3ms  TX  ──►  [1.3]  54 30 32 30 35 30 32 36 39 38 32 37 61 64 62 31 34 34 30 30 30 30 61 30 32 62 0d
              0x02050269  cls=0x00 idx=9 dev=41

    5691.1ms  TX  ──►  [1.3]  54 30 32 30 35 30 32 36 39 38 32 37 61 64 62 31 34 34 30 30 30 30 61 30 32 62 0d
              0x02050269  cls=0x00 idx=9 dev=41

    5723.3ms  TX  ──►  [1.3]  54 30 32 30 35 30 32 36 39 38 32 37 61 64 62 31 34 34 30 30 30 30 61 30 32 62 0d
              0x02050269  cls=0x00 idx=9 dev=41

    5746.3ms  TX  ──►  [1.3]  54 30 32 30 35 30 32 36 39 38 32 37 61 64 62 31 34 34 30 30 30 30 61 30 32 62 0d
              0x02050269  cls=0x00 idx=9 dev=41

    5772.2ms  TX  ──►  [1.3]  54 30 32 30 35 30 32 36 39 38 32 37 61 64 62 31 34 34 30 30 30 30 61 30 32 62 0d
              0x02050269  cls=0x00 idx=9 dev=41

    5792.2ms  TX  ──►  [1.3]  54 30 32 30 35 30 32 36 39 38 32 37 61 64 62 31 34 34 30 30 30 30 61 30 32 62 0d
              0x02050269  cls=0x00 idx=9 dev=41

    5814.2ms  TX  ──►  [1.3]  54 30 32 30 35 30 32 36 39 38 32 37 61 64 62 31 34 34 30 30 30 30 61 30 32 62 0d
              0x02050269  cls=0x00 idx=9 dev=41

    5840.6ms  TX  ──►  [1.3]  54 30 32 30 35 30 32 36 39 38 32 37 61 64 62 31 34 34 30 30 30 30 61 30 32 62 0d
              0x02050269  cls=0x00 idx=9 dev=41

    5864.1ms  TX  ──►  [1.3]  54 30 32 30 35 30 32 36 39 38 32 37 61 64 62 31 34 34 30 30 30 30 61 30 32 62 0d
              0x02050269  cls=0x00 idx=9 dev=41

    5890.2ms  TX  ──►  [1.3]  54 30 32 30 35 30 32 36 39 38 32 37 61 64 62 31 34 34 30 30 30 30 61 30 32 62 0d
              0x02050269  cls=0x00 idx=9 dev=41

    5921.6ms  TX  ──►  [1.3]  54 30 32 30 35 30 32 36 39 38 32 37 61 64 62 31 34 34 30 30 30 30 61 30 32 62 0d
              0x02050269  cls=0x00 idx=9 dev=41

    5953.6ms  TX  ──►  [1.3]  54 30 32 30 35 30 32 36 39 38 32 37 61 64 62 31 34 34 30 30 30 30 61 30 32 62 0d
              0x02050269  cls=0x00 idx=9 dev=41

    5977.1ms  TX  ──►  [1.3]  54 30 32 30 35 30 32 36 39 38 32 37 61 64 62 31 34 34 30 30 30 30 61 30 32 62 0d
              0x02050269  cls=0x00 idx=9 dev=41

    6003.8ms  TX  ──►  [1.3]  54 30 32 30 35 30 32 36 39 38 32 37 61 64 62 31 34 34 30 30 30 30 61 30 32 62 0d
              0x02050269  cls=0x00 idx=9 dev=41

    6027.1ms  TX  ──►  [1.3]  54 30 32 30 35 30 32 36 39 38 32 37 61 64 62 31 34 34 30 30 30 30 61 30 32 62 0d
              0x02050269  cls=0x00 idx=9 dev=41

    6053.3ms  TX  ──►  [1.3]  54 30 32 30 35 30 32 36 39 38 32 37 61 64 62 31 34 34 30 30 30 30 61 30 32 62 0d
              0x02050269  cls=0x00 idx=9 dev=41

    6077.2ms  TX  ──►  [1.3]  54 30 32 30 35 30 32 36 39 38 32 37 61 64 62 31 34 34 30 30 30 30 61 30 32 62 0d
              0x02050269  cls=0x00 idx=9 dev=41

    6104.0ms  TX  ──►  [1.3]  54 30 32 30 35 30 32 36 39 38 32 37 61 64 62 31 34 34 30 30 30 30 61 30 32 62 0d
              0x02050269  cls=0x00 idx=9 dev=41

    6127.2ms  TX  ──►  [1.3]  54 30 32 30 35 30 32 36 39 38 32 37 61 64 62 31 34 34 30 30 30 30 61 30 32 62 0d
              0x02050269  cls=0x00 idx=9 dev=41

    6153.6ms  TX  ──►  [1.3]  54 30 32 30 35 30 32 36 39 38 32 37 61 64 62 31 34 34 30 30 30 30 61 30 32 62 0d
              0x02050269  cls=0x00 idx=9 dev=41

    6177.2ms  TX  ──►  [1.3]  54 30 32 30 35 30 32 36 39 38 32 37 61 64 62 31 34 34 30 30 30 30 61 30 32 62 0d
              0x02050269  cls=0x00 idx=9 dev=41

    6203.7ms  TX  ──►  [1.3]  54 30 32 30 35 30 32 36 39 38 32 37 61 64 62 31 34 34 30 30 30 30 61 30 32 62 0d
              0x02050269  cls=0x00 idx=9 dev=41

    6227.1ms  TX  ──►  [1.3]  54 30 32 30 35 30 32 36 39 38 32 37 61 64 62 31 34 34 30 30 30 30 61 30 32 62 0d
              0x02050269  cls=0x00 idx=9 dev=41

    6253.7ms  TX  ──►  [1.3]  54 30 32 30 35 30 32 36 39 38 32 37 61 64 62 31 34 34 30 30 30 30 61 30 32 62 0d
              0x02050269  cls=0x00 idx=9 dev=41

    6277.1ms  TX  ──►  [1.3]  54 30 32 30 35 30 32 36 39 38 32 37 61 64 62 31 34 34 30 30 30 30 61 30 32 62 0d
              0x02050269  cls=0x00 idx=9 dev=41

    6305.4ms  TX  ──►  [1.3]  54 30 32 30 35 30 32 36 39 38 32 37 61 64 62 31 34 34 30 30 30 30 61 30 32 62 0d
              0x02050269  cls=0x00 idx=9 dev=41

    6327.3ms  TX  ──►  [1.3]  54 30 32 30 35 30 32 36 39 38 32 37 61 64 62 31 34 34 30 30 30 30 61 30 32 62 0d
              0x02050269  cls=0x00 idx=9 dev=41

    6353.7ms  TX  ──►  [1.3]  54 30 32 30 35 30 32 36 39 38 32 37 61 64 62 31 34 34 30 30 30 30 61 30 32 62 0d
              0x02050269  cls=0x00 idx=9 dev=41

    6379.6ms  TX  ──►  [1.3]  54 30 32 30 35 30 32 36 39 38 32 37 61 64 62 31 34 34 30 30 30 30 61 30 32 62 0d
              0x02050269  cls=0x00 idx=9 dev=41

    6404.1ms  TX  ──►  [1.3]  54 30 32 30 35 30 32 36 39 38 32 37 61 64 62 31 34 34 30 30 30 30 61 30 32 62 0d
              0x02050269  cls=0x00 idx=9 dev=41

    6427.2ms  TX  ──►  [1.3]  54 30 32 30 35 30 32 36 39 38 32 37 61 64 62 31 34 34 30 30 30 30 61 30 32 62 0d
              0x02050269  cls=0x00 idx=9 dev=41

    6453.7ms  TX  ──►  [1.3]  54 30 32 30 35 30 32 36 39 38 32 37 61 64 62 31 34 34 30 30 30 30 61 30 32 62 0d
              0x02050269  cls=0x00 idx=9 dev=41

    6478.9ms  TX  ──►  [1.3]  54 30 32 30 35 30 32 36 39 38 32 37 61 64 62 31 34 34 30 30 30 30 61 30 32 62 0d
              0x02050269  cls=0x00 idx=9 dev=41

    6503.9ms  TX  ──►  [1.3]  54 30 32 30 35 30 32 36 39 38 32 37 61 64 62 31 34 34 30 30 30 30 61 30 32 62 0d
              0x02050269  cls=0x00 idx=9 dev=41

    6527.1ms  TX  ──►  [1.3]  54 30 32 30 35 30 32 36 39 38 32 37 61 64 62 31 34 34 30 30 30 30 61 30 32 62 0d
              0x02050269  cls=0x00 idx=9 dev=41

    6553.7ms  TX  ──►  [1.3]  54 30 32 30 35 30 32 36 39 38 32 37 61 64 62 31 34 34 30 30 30 30 61 30 32 62 0d
              0x02050269  cls=0x00 idx=9 dev=41

    6577.2ms  TX  ──►  [1.3]  54 30 32 30 35 30 32 36 39 38 32 37 61 64 62 31 34 34 30 30 30 30 61 30 32 62 0d
              0x02050269  cls=0x00 idx=9 dev=41

    6604.3ms  TX  ──►  [1.3]  54 30 32 30 35 30 32 36 39 38 32 37 61 64 62 31 34 34 30 30 30 30 61 30 32 62 0d
              0x02050269  cls=0x00 idx=9 dev=41

    6627.2ms  TX  ──►  [1.3]  54 30 32 30 35 30 32 36 39 38 32 37 61 64 62 31 34 34 30 30 30 30 61 30 32 62 0d
              0x02050269  cls=0x00 idx=9 dev=41

    6654.4ms  TX  ──►  [1.3]  54 30 32 30 35 30 32 36 39 38 32 37 61 64 62 31 34 34 30 30 30 30 61 30 32 62 0d
              0x02050269  cls=0x00 idx=9 dev=41

    6677.0ms  TX  ──►  [1.3]  54 30 32 30 35 30 32 36 39 38 32 37 61 64 62 31 34 34 30 30 30 30 61 30 32 62 0d
              0x02050269  cls=0x00 idx=9 dev=41

    6703.6ms  TX  ──►  [1.3]  54 30 32 30 35 30 32 36 39 38 32 37 61 64 62 31 34 34 30 30 30 30 61 30 32 62 0d
              0x02050269  cls=0x00 idx=9 dev=41

    6727.0ms  TX  ──►  [1.3]  54 30 32 30 35 30 32 36 39 38 32 37 61 64 62 31 34 34 30 30 30 30 61 30 32 62 0d
              0x02050269  cls=0x00 idx=9 dev=41

    6753.6ms  TX  ──►  [1.3]  54 30 32 30 35 30 32 36 39 38 32 37 61 64 62 31 34 34 30 30 30 30 61 30 32 62 0d
              0x02050269  cls=0x00 idx=9 dev=41

    6777.2ms  TX  ──►  [1.3]  54 30 32 30 35 30 32 36 39 38 32 37 61 64 62 31 34 34 30 30 30 30 61 30 32 62 0d
              0x02050269  cls=0x00 idx=9 dev=41

    6803.2ms  TX  ──►  [1.3]  54 30 32 30 35 30 32 36 39 38 32 37 61 64 62 31 34 34 30 30 30 30 61 30 32 62 0d
              0x02050269  cls=0x00 idx=9 dev=41

    6828.6ms  TX  ──►  [1.3]  54 30 32 30 35 30 32 36 39 38 32 37 61 64 62 31 34 34 30 30 30 30 61 30 32 62 0d
              0x02050269  cls=0x00 idx=9 dev=41

    6853.8ms  TX  ──►  [1.3]  54 30 32 30 35 30 32 36 39 38 32 37 61 64 62 31 34 34 30 30 30 30 61 30 32 62 0d
              0x02050269  cls=0x00 idx=9 dev=41

    6887.0ms  TX  ──►  [1.3]  54 30 32 30 35 30 32 36 39 38 32 37 61 64 62 31 34 34 30 30 30 30 61 30 32 62 0d
              0x02050269  cls=0x00 idx=9 dev=41

    6920.5ms  TX  ──►  [1.3]  54 30 32 30 35 30 32 36 39 38 32 37 61 64 62 31 34 34 30 30 30 30 61 30 32 62 0d
              0x02050269  cls=0x00 idx=9 dev=41

    6954.2ms  TX  ──►  [1.3]  54 30 32 30 35 30 32 36 39 38 32 37 61 64 62 31 34 34 30 30 30 30 61 30 32 62 0d
              0x02050269  cls=0x00 idx=9 dev=41

    6977.0ms  TX  ──►  [1.3]  54 30 32 30 35 30 32 36 39 38 32 37 61 64 62 31 34 34 30 30 30 30 61 30 32 62 0d
              0x02050269  cls=0x00 idx=9 dev=41

    7003.4ms  TX  ──►  [1.3]  54 30 32 30 35 30 32 36 39 38 32 37 61 64 62 31 34 34 30 30 30 30 61 30 32 62 0d
              0x02050269  cls=0x00 idx=9 dev=41

    7027.1ms  TX  ──►  [1.3]  54 30 32 30 35 30 32 36 39 38 32 37 61 64 62 31 34 34 30 30 30 30 61 30 32 62 0d
              0x02050269  cls=0x00 idx=9 dev=41

    7053.9ms  TX  ──►  [1.3]  54 30 32 30 35 30 32 36 39 38 32 37 61 64 62 31 34 34 30 30 30 30 61 30 32 62 0d
              0x02050269  cls=0x00 idx=9 dev=41

    7077.1ms  TX  ──►  [1.3]  54 30 32 30 35 30 32 36 39 38 32 37 61 64 62 31 34 34 30 30 30 30 61 30 32 62 0d
              0x02050269  cls=0x00 idx=9 dev=41

    7110.5ms  TX  ──►  [1.3]  54 30 32 30 35 30 32 36 39 38 32 37 61 64 62 31 34 34 30 30 30 30 61 30 32 62 0d
              0x02050269  cls=0x00 idx=9 dev=41

    7137.6ms  TX  ──►  [1.3]  54 30 32 30 35 30 32 36 39 38 32 37 61 64 62 31 34 34 30 30 30 30 61 30 32 62 0d
              0x02050269  cls=0x00 idx=9 dev=41

    7173.4ms  TX  ──►  [1.3]  54 30 32 30 35 30 32 36 39 38 32 37 61 64 62 31 34 34 30 30 30 30 61 30 32 62 0d
              0x02050269  cls=0x00 idx=9 dev=41

    7203.2ms  TX  ──►  [1.3]  54 30 32 30 35 30 32 36 39 38 32 37 61 64 62 31 34 34 30 30 30 30 61 30 32 62 0d
              0x02050269  cls=0x00 idx=9 dev=41

    7232.3ms  TX  ──►  [1.3]  54 30 32 30 35 30 32 36 39 38 32 37 61 64 62 31 34 34 30 30 30 30 61 30 32 62 0d
              0x02050269  cls=0x00 idx=9 dev=41

    7253.9ms  TX  ──►  [1.3]  54 30 32 30 35 30 32 36 39 38 32 37 61 64 62 31 34 34 30 30 30 30 61 30 32 62 0d
              0x02050269  cls=0x00 idx=9 dev=41

    7277.1ms  TX  ──►  [1.3]  54 30 32 30 35 30 32 36 39 38 32 37 61 64 62 31 34 34 30 30 30 30 61 30 32 62 0d
              0x02050269  cls=0x00 idx=9 dev=41

    7303.8ms  TX  ──►  [1.3]  54 30 32 30 35 30 32 36 39 38 32 37 61 64 62 31 34 34 30 30 30 30 61 30 32 62 0d
              0x02050269  cls=0x00 idx=9 dev=41

    7327.5ms  TX  ──►  [1.3]  54 30 32 30 35 30 32 36 39 38 32 37 61 64 62 31 34 34 30 30 30 30 61 30 32 62 0d
              0x02050269  cls=0x00 idx=9 dev=41

    7353.9ms  TX  ──►  [1.3]  54 30 32 30 35 30 32 36 39 38 32 37 61 64 62 31 34 34 30 30 30 30 61 30 32 62 0d
              0x02050269  cls=0x00 idx=9 dev=41

    7388.0ms  TX  ──►  [1.3]  54 30 32 30 35 30 32 36 39 38 32 37 61 64 62 31 34 34 30 30 30 30 61 30 32 62 0d
              0x02050269  cls=0x00 idx=9 dev=41

    7420.1ms  TX  ──►  [1.3]  54 30 32 30 35 30 32 36 39 38 32 37 61 64 62 31 34 34 30 30 30 30 61 30 32 62 0d
              0x02050269  cls=0x00 idx=9 dev=41

    7440.2ms  TX  ──►  [1.3]  54 30 32 30 35 30 32 36 39 38 32 37 61 64 62 31 34 34 30 30 30 30 61 30 32 62 0d
              0x02050269  cls=0x00 idx=9 dev=41

    7459.9ms  TX  ──►  [1.3]  54 30 32 30 35 30 32 36 39 38 32 37 61 64 62 31 34 34 30 30 30 30 61 30 32 62 0d
              0x02050269  cls=0x00 idx=9 dev=41

    7480.5ms  TX  ──►  [1.3]  54 30 32 30 35 30 32 36 39 38 32 37 61 64 62 31 34 34 30 30 30 30 61 30 32 62 0d
              0x02050269  cls=0x00 idx=9 dev=41

    7500.8ms  TX  ──►  [1.3]  54 30 32 30 35 30 32 36 39 38 32 37 61 64 62 31 34 34 30 30 30 30 61 30 32 62 0d
              0x02050269  cls=0x00 idx=9 dev=41

    7521.1ms  TX  ──►  [1.3]  54 30 32 30 35 30 32 36 39 38 32 37 61 64 62 31 34 34 30 30 30 30 61 30 32 62 0d
              0x02050269  cls=0x00 idx=9 dev=41

    7542.3ms  TX  ──►  [1.3]  54 30 32 30 35 30 32 36 39 38 32 37 61 64 62 31 34 34 30 30 30 30 61 30 32 62 0d
              0x02050269  cls=0x00 idx=9 dev=41

