       8.5ms  TX  ──►  [1.3]  54 30 32 30 35 30 31 32 39 38 32 64 62 32 33 62 34 31 30 30 30 30 30 30 62 63 0d
              0x02050129  cls=0x00 idx=4 dev=41

      41.7ms  TX  ──►  [1.3]  54 30 32 30 35 30 31 32 39 38 32 64 62 32 33 62 34 31 30 30 30 30 30 30 62 63 0d
              0x02050129  cls=0x00 idx=4 dev=41

      66.8ms  TX  ──►  [1.3]  54 30 32 30 35 30 31 32 39 38 32 64 62 32 33 62 34 31 30 30 30 30 30 30 62 63 0d
              0x02050129  cls=0x00 idx=4 dev=41

      93.2ms  TX  ──►  [1.3]  54 30 32 30 35 30 31 32 39 38 32 64 62 32 33 62 34 31 30 30 30 30 30 30 62 63 0d
              0x02050129  cls=0x00 idx=4 dev=41

     120.9ms  TX  ──►  [1.3]  54 30 32 30 35 30 31 32 39 38 32 64 62 32 33 62 34 31 30 30 30 30 30 30 62 63 0d
              0x02050129  cls=0x00 idx=4 dev=41

     140.7ms  TX  ──►  [1.3]  54 30 32 30 35 30 31 32 39 38 32 64 62 32 33 62 34 31 30 30 30 30 30 30 62 63 0d
              0x02050129  cls=0x00 idx=4 dev=41

     161.5ms  TX  ──►  [1.3]  54 30 32 30 35 30 31 32 39 38 32 64 62 32 33 62 34 31 30 30 30 30 30 30 62 63 0d
              0x02050129  cls=0x00 idx=4 dev=41

     182.3ms  TX  ──►  [1.3]  54 30 32 30 35 30 31 32 39 38 32 64 62 32 33 62 34 31 30 30 30 30 30 30 62 63 0d
              0x02050129  cls=0x00 idx=4 dev=41

     201.7ms  TX  ──►  [1.3]  54 30 32 30 35 30 31 32 39 38 32 64 62 32 33 62 34 31 30 30 30 30 30 30 62 63 0d
              0x02050129  cls=0x00 idx=4 dev=41

     222.0ms  TX  ──►  [1.3]  54 30 32 30 35 30 31 32 39 38 32 64 62 32 33 62 34 31 30 30 30 30 30 30 62 63 0d
              0x02050129  cls=0x00 idx=4 dev=41

     244.1ms  TX  ──►  [1.3]  54 30 32 30 35 30 31 32 39 38 32 64 62 32 33 62 34 31 30 30 30 30 30 30 62 63 0d
              0x02050129  cls=0x00 idx=4 dev=41

     263.3ms  TX  ──►  [1.3]  54 30 32 30 35 30 31 32 39 38 32 64 62 32 33 62 34 31 30 30 30 30 30 30 62 63 0d
              0x02050129  cls=0x00 idx=4 dev=41

     283.4ms  TX  ──►  [1.3]  54 30 32 30 35 30 31 32 39 38 32 64 62 32 33 62 34 31 30 30 30 30 30 30 62 63 0d
              0x02050129  cls=0x00 idx=4 dev=41

     316.8ms  TX  ──►  [1.3]  54 30 32 30 35 30 31 32 39 38 32 64 62 32 33 62 34 31 30 30 30 30 30 30 62 63 0d
              0x02050129  cls=0x00 idx=4 dev=41

     341.4ms  TX  ──►  [1.3]  54 30 32 30 35 30 31 32 39 38 32 64 62 32 33 62 34 31 30 30 30 30 30 30 62 63 0d
              0x02050129  cls=0x00 idx=4 dev=41

     365.4ms  TX  ──►  [1.3]  54 30 32 30 35 30 31 32 39 38 32 64 62 32 33 62 34 31 30 30 30 30 30 30 62 63 0d
              0x02050129  cls=0x00 idx=4 dev=41

     391.2ms  TX  ──►  [1.3]  54 30 32 30 35 30 31 32 39 38 32 64 62 32 33 62 34 31 30 30 30 30 30 30 62 63 0d
              0x02050129  cls=0x00 idx=4 dev=41

     419.8ms  TX  ──►  [1.3]  54 30 32 30 35 30 31 32 39 38 32 64 62 32 33 62 34 31 30 30 30 30 30 30 62 63 0d
              0x02050129  cls=0x00 idx=4 dev=41

     443.1ms  TX  ──►  [1.3]  54 30 32 30 35 30 31 32 39 38 32 64 62 32 33 62 34 31 30 30 30 30 30 30 62 63 0d
              0x02050129  cls=0x00 idx=4 dev=41

     464.8ms  TX  ──►  [1.3]  54 30 32 30 35 30 31 32 39 38 32 64 62 32 33 62 34 31 30 30 30 30 30 30 62 63 0d
              0x02050129  cls=0x00 idx=4 dev=41

     485.4ms  TX  ──►  [1.3]  54 30 32 30 35 30 31 32 39 38 32 64 62 32 33 62 34 31 30 30 30 30 30 30 62 63 0d
              0x02050129  cls=0x00 idx=4 dev=41

     520.5ms  TX  ──►  [1.3]  54 30 32 30 35 30 31 32 39 38 32 64 62 32 33 62 34 31 30 30 30 30 30 30 62 63 0d
              0x02050129  cls=0x00 idx=4 dev=41

     542.8ms  TX  ──►  [1.3]  54 30 32 30 35 30 31 32 39 38 32 64 62 32 33 62 34 31 30 30 30 30 30 30 62 63 0d
              0x02050129  cls=0x00 idx=4 dev=41

     571.9ms  TX  ──►  [1.3]  54 30 32 30 35 30 31 32 39 38 32 64 62 32 33 62 34 31 30 30 30 30 30 30 62 63 0d
              0x02050129  cls=0x00 idx=4 dev=41

     600.6ms  TX  ──►  [1.3]  54 30 32 30 35 30 31 32 39 38 32 64 62 32 33 62 34 31 30 30 30 30 30 30 62 63 0d
              0x02050129  cls=0x00 idx=4 dev=41

     626.1ms  TX  ──►  [1.3]  54 30 32 30 35 30 31 32 39 38 32 64 62 32 33 62 34 31 30 30 30 30 30 30 62 63 0d
              0x02050129  cls=0x00 idx=4 dev=41

     649.3ms  TX  ──►  [1.3]  54 30 32 30 35 30 31 32 39 38 32 64 62 32 33 62 34 31 30 30 30 30 30 30 62 63 0d
              0x02050129  cls=0x00 idx=4 dev=41

     672.8ms  TX  ──►  [1.3]  54 30 32 30 35 30 31 32 39 38 32 64 62 32 33 62 34 31 30 30 30 30 30 30 62 63 0d
              0x02050129  cls=0x00 idx=4 dev=41

     701.1ms  TX  ──►  [1.3]  54 30 32 30 35 30 31 32 39 38 32 64 62 32 33 62 34 31 30 30 30 30 30 30 62 63 0d
              0x02050129  cls=0x00 idx=4 dev=41

     729.8ms  TX  ──►  [1.3]  54 30 32 30 35 30 31 32 39 38 32 64 62 32 33 62 34 31 30 30 30 30 30 30 62 63 0d
              0x02050129  cls=0x00 idx=4 dev=41

     749.7ms  TX  ──►  [1.3]  54 30 32 30 35 30 31 32 39 38 32 64 62 32 33 62 34 31 30 30 30 30 30 30 62 63 0d
              0x02050129  cls=0x00 idx=4 dev=41

     770.4ms  TX  ──►  [1.3]  54 30 32 30 35 30 31 32 39 38 32 64 62 32 33 62 34 31 30 30 30 30 30 30 62 63 0d
              0x02050129  cls=0x00 idx=4 dev=41

     791.3ms  TX  ──►  [1.3]  54 30 32 30 35 30 31 32 39 38 32 64 62 32 33 62 34 31 30 30 30 30 30 30 62 63 0d
              0x02050129  cls=0x00 idx=4 dev=41

     811.0ms  TX  ──►  [1.3]  54 30 32 30 35 30 31 32 39 38 32 64 62 32 33 62 34 31 30 30 30 30 30 30 62 63 0d
              0x02050129  cls=0x00 idx=4 dev=41

     831.5ms  TX  ──►  [1.3]  54 30 32 30 35 30 31 32 39 38 32 64 62 32 33 62 34 31 30 30 30 30 30 30 62 63 0d
              0x02050129  cls=0x00 idx=4 dev=41

     852.6ms  TX  ──►  [1.3]  54 30 32 30 35 30 31 32 39 38 32 64 62 32 33 62 34 31 30 30 30 30 30 30 62 63 0d
              0x02050129  cls=0x00 idx=4 dev=41

     872.6ms  TX  ──►  [1.3]  54 30 32 30 35 30 31 32 39 38 32 64 62 32 33 62 34 31 30 30 30 30 30 30 62 63 0d
              0x02050129  cls=0x00 idx=4 dev=41

     893.3ms  TX  ──►  [1.3]  54 30 32 30 35 30 31 32 39 38 32 64 62 32 33 62 34 31 30 30 30 30 30 30 62 63 0d
              0x02050129  cls=0x00 idx=4 dev=41

     917.3ms  TX  ──►  [1.3]  54 30 32 30 35 30 31 32 39 38 32 64 62 32 33 62 34 31 30 30 30 30 30 30 62 63 0d
              0x02050129  cls=0x00 idx=4 dev=41

     946.1ms  TX  ──►  [1.3]  54 30 32 30 35 30 31 32 39 38 32 64 62 32 33 62 34 31 30 30 30 30 30 30 62 63 0d
              0x02050129  cls=0x00 idx=4 dev=41

     966.8ms  TX  ──►  [1.3]  54 30 32 30 35 30 31 32 39 38 32 64 62 32 33 62 34 31 30 30 30 30 30 30 62 63 0d
              0x02050129  cls=0x00 idx=4 dev=41

     987.2ms  TX  ──►  [1.3]  54 30 32 30 35 30 31 32 39 38 32 64 62 32 33 62 34 31 30 30 30 30 30 30 62 63 0d
              0x02050129  cls=0x00 idx=4 dev=41

    1007.9ms  TX  ──►  [1.3]  54 30 32 30 35 30 31 32 39 38 32 64 62 32 33 62 34 31 30 30 30 30 30 30 62 63 0d
              0x02050129  cls=0x00 idx=4 dev=41

    1029.2ms  TX  ──►  [1.3]  54 30 32 30 35 30 31 32 39 38 32 64 62 32 33 62 34 31 30 30 30 30 30 30 62 63 0d
              0x02050129  cls=0x00 idx=4 dev=41

    1049.4ms  TX  ──►  [1.3]  54 30 32 30 35 30 31 32 39 38 32 64 62 32 33 62 34 31 30 30 30 30 30 30 62 63 0d
              0x02050129  cls=0x00 idx=4 dev=41

    1070.4ms  TX  ──►  [1.3]  54 30 32 30 35 30 31 32 39 38 32 64 62 32 33 62 34 31 30 30 30 30 30 30 62 63 0d
              0x02050129  cls=0x00 idx=4 dev=41

    1091.5ms  TX  ──►  [1.3]  54 30 32 30 35 30 31 32 39 38 32 64 62 32 33 62 34 31 30 30 30 30 30 30 62 63 0d
              0x02050129  cls=0x00 idx=4 dev=41

    1111.3ms  TX  ──►  [1.3]  54 30 32 30 35 30 31 32 39 38 32 64 62 32 33 62 34 31 30 30 30 30 30 30 62 63 0d
              0x02050129  cls=0x00 idx=4 dev=41

    1132.0ms  TX  ──►  [1.3]  54 30 32 30 35 30 31 32 39 38 32 64 62 32 33 62 34 31 30 30 30 30 30 30 62 63 0d
              0x02050129  cls=0x00 idx=4 dev=41

    1153.3ms  TX  ──►  [1.3]  54 30 32 30 35 30 31 32 39 38 32 64 62 32 33 62 34 31 30 30 30 30 30 30 62 63 0d
              0x02050129  cls=0x00 idx=4 dev=41

    1173.6ms  TX  ──►  [1.3]  54 30 32 30 35 30 31 32 39 38 32 64 62 32 33 62 34 31 30 30 30 30 30 30 62 63 0d
              0x02050129  cls=0x00 idx=4 dev=41

    1194.0ms  TX  ──►  [1.3]  54 30 32 30 35 30 31 32 39 38 32 64 62 32 33 62 34 31 30 30 30 30 30 30 62 63 0d
              0x02050129  cls=0x00 idx=4 dev=41

    1215.0ms  TX  ──►  [1.3]  54 30 32 30 35 30 31 32 39 38 32 64 62 32 33 62 34 31 30 30 30 30 30 30 62 63 0d
              0x02050129  cls=0x00 idx=4 dev=41

    1234.9ms  TX  ──►  [1.3]  54 30 32 30 35 30 31 32 39 38 32 64 62 32 33 62 34 31 30 30 30 30 30 30 62 63 0d
              0x02050129  cls=0x00 idx=4 dev=41

    1255.7ms  TX  ──►  [1.3]  54 30 32 30 35 30 31 32 39 38 32 64 62 32 33 62 34 31 30 30 30 30 30 30 62 63 0d
              0x02050129  cls=0x00 idx=4 dev=41

    1276.4ms  TX  ──►  [1.3]  54 30 32 30 35 30 31 32 39 38 32 64 62 32 33 62 34 31 30 30 30 30 30 30 62 63 0d
              0x02050129  cls=0x00 idx=4 dev=41

    1296.1ms  TX  ──►  [1.3]  54 30 32 30 35 30 31 32 39 38 32 64 62 32 33 62 34 31 30 30 30 30 30 30 62 63 0d
              0x02050129  cls=0x00 idx=4 dev=41

    1316.5ms  TX  ──►  [1.3]  54 30 32 30 35 30 31 32 39 38 32 64 62 32 33 62 34 31 30 30 30 30 30 30 62 63 0d
              0x02050129  cls=0x00 idx=4 dev=41

    1343.8ms  TX  ──►  [1.3]  54 30 32 30 35 30 31 32 39 38 32 64 62 32 33 62 34 31 30 30 30 30 30 30 62 63 0d
              0x02050129  cls=0x00 idx=4 dev=41

    1372.3ms  TX  ──►  [1.3]  54 30 32 30 35 30 31 32 39 38 32 64 62 32 33 62 34 31 30 30 30 30 30 30 62 63 0d
              0x02050129  cls=0x00 idx=4 dev=41

    1397.4ms  TX  ──►  [1.3]  54 30 32 30 35 30 31 32 39 38 32 64 62 32 33 62 34 31 30 30 30 30 30 30 62 63 0d
              0x02050129  cls=0x00 idx=4 dev=41

    1422.2ms  TX  ──►  [1.3]  54 30 32 30 35 30 31 32 39 38 32 64 62 32 33 62 34 31 30 30 30 30 30 30 62 63 0d
              0x02050129  cls=0x00 idx=4 dev=41

    1448.2ms  TX  ──►  [1.3]  54 30 32 30 35 30 31 32 39 38 32 64 62 32 33 62 34 31 30 30 30 30 30 30 62 63 0d
              0x02050129  cls=0x00 idx=4 dev=41

    1476.2ms  TX  ──►  [1.3]  54 30 32 30 35 30 31 32 39 38 32 64 62 32 33 62 34 31 30 30 30 30 30 30 62 63 0d
              0x02050129  cls=0x00 idx=4 dev=41

    1502.0ms  TX  ──►  [1.3]  54 30 32 30 35 30 31 32 39 38 32 64 62 32 33 62 34 31 30 30 30 30 30 30 62 63 0d
              0x02050129  cls=0x00 idx=4 dev=41

    1521.8ms  TX  ──►  [1.3]  54 30 32 30 35 30 31 32 39 38 32 64 62 32 33 62 34 31 30 30 30 30 30 30 62 63 0d
              0x02050129  cls=0x00 idx=4 dev=41

    1542.5ms  TX  ──►  [1.3]  54 30 32 30 35 30 31 32 39 38 32 64 62 32 33 62 34 31 30 30 30 30 30 30 62 63 0d
              0x02050129  cls=0x00 idx=4 dev=41

    1562.9ms  TX  ──►  [1.3]  54 30 32 30 35 30 31 32 39 38 32 64 62 32 33 62 34 31 30 30 30 30 30 30 62 63 0d
              0x02050129  cls=0x00 idx=4 dev=41

    1583.2ms  TX  ──►  [1.3]  54 30 32 30 35 30 31 32 39 38 32 64 62 32 33 62 34 31 30 30 30 30 30 30 62 63 0d
              0x02050129  cls=0x00 idx=4 dev=41

    1603.8ms  TX  ──►  [1.3]  54 30 32 30 35 30 31 32 39 38 32 64 62 32 33 62 34 31 30 30 30 30 30 30 62 63 0d
              0x02050129  cls=0x00 idx=4 dev=41

    1624.6ms  TX  ──►  [1.3]  54 30 32 30 35 30 31 32 39 38 32 64 62 32 33 62 34 31 30 30 30 30 30 30 62 63 0d
              0x02050129  cls=0x00 idx=4 dev=41

    1644.6ms  TX  ──►  [1.3]  54 30 32 30 35 30 31 32 39 38 32 64 62 32 33 62 34 31 30 30 30 30 30 30 62 63 0d
              0x02050129  cls=0x00 idx=4 dev=41

    1665.2ms  TX  ──►  [1.3]  54 30 32 30 35 30 31 32 39 38 32 64 62 32 33 62 34 31 30 30 30 30 30 30 62 63 0d
              0x02050129  cls=0x00 idx=4 dev=41

    1686.1ms  TX  ──►  [1.3]  54 30 32 30 35 30 31 32 39 38 32 64 62 32 33 62 34 31 30 30 30 30 30 30 62 63 0d
              0x02050129  cls=0x00 idx=4 dev=41

    1706.2ms  TX  ──►  [1.3]  54 30 32 30 35 30 31 32 39 38 32 64 62 32 33 62 34 31 30 30 30 30 30 30 62 63 0d
              0x02050129  cls=0x00 idx=4 dev=41

    1727.0ms  TX  ──►  [1.3]  54 30 32 30 35 30 31 32 39 38 32 64 62 32 33 62 34 31 30 30 30 30 30 30 62 63 0d
              0x02050129  cls=0x00 idx=4 dev=41

    1747.6ms  TX  ──►  [1.3]  54 30 32 30 35 30 31 32 39 38 32 64 62 32 33 62 34 31 30 30 30 30 30 30 62 63 0d
              0x02050129  cls=0x00 idx=4 dev=41

    1767.6ms  TX  ──►  [1.3]  54 30 32 30 35 30 31 32 39 38 32 64 62 32 33 62 34 31 30 30 30 30 30 30 62 63 0d
              0x02050129  cls=0x00 idx=4 dev=41

    1788.3ms  TX  ──►  [1.3]  54 30 32 30 35 30 31 32 39 38 32 64 62 32 33 62 34 31 30 30 30 30 30 30 62 63 0d
              0x02050129  cls=0x00 idx=4 dev=41

    1809.3ms  TX  ──►  [1.3]  54 30 32 30 35 30 31 32 39 38 32 64 62 32 33 62 34 31 30 30 30 30 30 30 62 63 0d
              0x02050129  cls=0x00 idx=4 dev=41

    1829.6ms  TX  ──►  [1.3]  54 30 32 30 35 30 31 32 39 38 32 64 62 32 33 62 34 31 30 30 30 30 30 30 62 63 0d
              0x02050129  cls=0x00 idx=4 dev=41

    1850.2ms  TX  ──►  [1.3]  54 30 32 30 35 30 31 32 39 38 32 64 62 32 33 62 34 31 30 30 30 30 30 30 62 63 0d
              0x02050129  cls=0x00 idx=4 dev=41

    1870.9ms  TX  ──►  [1.3]  54 30 32 30 35 30 31 32 39 38 32 64 62 32 33 62 34 31 30 30 30 30 30 30 62 63 0d
              0x02050129  cls=0x00 idx=4 dev=41

    1891.0ms  TX  ──►  [1.3]  54 30 32 30 35 30 31 32 39 38 32 64 62 32 33 62 34 31 30 30 30 30 30 30 62 63 0d
              0x02050129  cls=0x00 idx=4 dev=41

    1911.5ms  TX  ──►  [1.3]  54 30 32 30 35 30 31 32 39 38 32 64 62 32 33 62 34 31 30 30 30 30 30 30 62 63 0d
              0x02050129  cls=0x00 idx=4 dev=41

    1932.3ms  TX  ──►  [1.3]  54 30 32 30 35 30 31 32 39 38 32 64 62 32 33 62 34 31 30 30 30 30 30 30 62 63 0d
              0x02050129  cls=0x00 idx=4 dev=41

    1952.6ms  TX  ──►  [1.3]  54 30 32 30 35 30 31 32 39 38 32 64 62 32 33 62 34 31 30 30 30 30 30 30 62 63 0d
              0x02050129  cls=0x00 idx=4 dev=41

    1973.2ms  TX  ──►  [1.3]  54 30 32 30 35 30 31 32 39 38 32 64 62 32 33 62 34 31 30 30 30 30 30 30 62 63 0d
              0x02050129  cls=0x00 idx=4 dev=41

    1994.3ms  TX  ──►  [1.3]  54 30 32 30 35 30 31 32 39 38 32 64 62 32 33 62 34 31 30 30 30 30 30 30 62 63 0d
              0x02050129  cls=0x00 idx=4 dev=41

    2014.5ms  TX  ──►  [1.3]  54 30 32 30 35 30 31 32 39 38 32 64 62 32 33 62 34 31 30 30 30 30 30 30 62 63 0d
              0x02050129  cls=0x00 idx=4 dev=41

    2034.7ms  TX  ──►  [1.3]  54 30 32 30 35 30 31 32 39 38 32 64 62 32 33 62 34 31 30 30 30 30 30 30 62 63 0d
              0x02050129  cls=0x00 idx=4 dev=41

    2056.0ms  TX  ──►  [1.3]  54 30 32 30 35 30 31 32 39 38 32 64 62 32 33 62 34 31 30 30 30 30 30 30 62 63 0d
              0x02050129  cls=0x00 idx=4 dev=41

    2076.0ms  TX  ──►  [1.3]  54 30 32 30 35 30 31 32 39 38 32 64 62 32 33 62 34 31 30 30 30 30 30 30 62 63 0d
              0x02050129  cls=0x00 idx=4 dev=41

    2096.7ms  TX  ──►  [1.3]  54 30 32 30 35 30 31 32 39 38 32 64 62 32 33 62 34 31 30 30 30 30 30 30 62 63 0d
              0x02050129  cls=0x00 idx=4 dev=41

    2117.1ms  TX  ──►  [1.3]  54 30 32 30 35 30 31 32 39 38 32 64 62 32 33 62 34 31 30 30 30 30 30 30 62 63 0d
              0x02050129  cls=0x00 idx=4 dev=41

    2137.2ms  TX  ──►  [1.3]  54 30 32 30 35 30 31 32 39 38 32 64 62 32 33 62 34 31 30 30 30 30 30 30 62 63 0d
              0x02050129  cls=0x00 idx=4 dev=41

    2157.7ms  TX  ──►  [1.3]  54 30 32 30 35 30 31 32 39 38 32 64 62 32 33 62 34 31 30 30 30 30 30 30 62 63 0d
              0x02050129  cls=0x00 idx=4 dev=41

    2179.1ms  TX  ──►  [1.3]  54 30 32 30 35 30 31 32 39 38 32 64 62 32 33 62 34 31 30 30 30 30 30 30 62 63 0d
              0x02050129  cls=0x00 idx=4 dev=41

    2199.1ms  TX  ──►  [1.3]  54 30 32 30 35 30 31 32 39 38 32 64 62 32 33 62 34 31 30 30 30 30 30 30 62 63 0d
              0x02050129  cls=0x00 idx=4 dev=41

    2219.0ms  TX  ──►  [1.3]  54 30 32 30 35 30 31 32 39 38 32 64 62 32 33 62 34 31 30 30 30 30 30 30 62 63 0d
              0x02050129  cls=0x00 idx=4 dev=41

    2240.0ms  TX  ──►  [1.3]  54 30 32 30 35 30 31 32 39 38 32 64 62 32 33 62 34 31 30 30 30 30 30 30 62 63 0d
              0x02050129  cls=0x00 idx=4 dev=41

    2260.7ms  TX  ──►  [1.3]  54 30 32 30 35 30 31 32 39 38 32 64 62 32 33 62 34 31 30 30 30 30 30 30 62 63 0d
              0x02050129  cls=0x00 idx=4 dev=41

    2281.6ms  TX  ──►  [1.3]  54 30 32 30 35 30 31 32 39 38 32 64 62 32 33 62 34 31 30 30 30 30 30 30 62 63 0d
              0x02050129  cls=0x00 idx=4 dev=41

    2303.1ms  TX  ──►  [1.3]  54 30 32 30 35 30 31 32 39 38 32 64 62 32 33 62 34 31 30 30 30 30 30 30 62 63 0d
              0x02050129  cls=0x00 idx=4 dev=41

    2332.8ms  TX  ──►  [1.3]  54 30 32 30 35 30 31 32 39 38 32 64 62 32 33 62 34 31 30 30 30 30 30 30 62 63 0d
              0x02050129  cls=0x00 idx=4 dev=41

    2353.1ms  TX  ──►  [1.3]  54 30 32 30 35 30 31 32 39 38 32 64 62 32 33 62 34 31 30 30 30 30 30 30 62 63 0d
              0x02050129  cls=0x00 idx=4 dev=41

    2388.0ms  TX  ──►  [1.3]  54 30 32 30 35 30 31 32 39 38 32 64 62 32 33 62 34 31 30 30 30 30 30 30 62 63 0d
              0x02050129  cls=0x00 idx=4 dev=41

    2407.8ms  TX  ──►  [1.3]  54 30 32 30 35 30 31 32 39 38 32 64 62 32 33 62 34 31 30 30 30 30 30 30 62 63 0d
              0x02050129  cls=0x00 idx=4 dev=41

    2433.7ms  TX  ──►  [1.3]  54 30 32 30 35 30 31 32 39 38 32 64 62 32 33 62 34 31 30 30 30 30 30 30 62 63 0d
              0x02050129  cls=0x00 idx=4 dev=41

    2457.5ms  TX  ──►  [1.3]  54 30 32 30 35 30 31 32 39 38 32 64 62 32 33 62 34 31 30 30 30 30 30 30 62 63 0d
              0x02050129  cls=0x00 idx=4 dev=41

    2476.9ms  TX  ──►  [1.3]  54 30 32 30 35 30 31 32 39 38 32 64 62 32 33 62 34 31 30 30 30 30 30 30 62 63 0d
              0x02050129  cls=0x00 idx=4 dev=41

    2496.9ms  TX  ──►  [1.3]  54 30 32 30 35 30 31 32 39 38 32 64 62 32 33 62 34 31 30 30 30 30 30 30 62 63 0d
              0x02050129  cls=0x00 idx=4 dev=41

    2520.4ms  TX  ──►  [1.3]  54 30 32 30 35 30 31 32 39 38 32 64 62 32 33 62 34 31 30 30 30 30 30 30 30 30 0d
              0x02050129  cls=0x00 idx=4 dev=41

    2545.2ms  TX  ──►  [1.3]  54 30 32 30 35 30 31 32 39 38 32 64 62 32 33 62 34 31 30 30 30 30 30 30 30 30 0d
              0x02050129  cls=0x00 idx=4 dev=41

    2565.0ms  TX  ──►  [1.3]  54 30 32 30 35 30 31 32 39 38 32 64 62 32 33 62 34 31 30 30 30 30 30 30 30 30 0d
              0x02050129  cls=0x00 idx=4 dev=41

    2584.5ms  TX  ──►  [1.3]  54 30 32 30 35 30 31 32 39 38 32 64 62 32 33 62 34 31 30 30 30 30 30 30 30 30 0d
              0x02050129  cls=0x00 idx=4 dev=41

    2617.5ms  TX  ──►  [1.3]  54 30 32 30 35 30 31 32 39 38 32 64 62 32 33 62 34 31 30 30 30 30 30 30 30 30 0d
              0x02050129  cls=0x00 idx=4 dev=41

    2641.8ms  TX  ──►  [1.3]  54 30 32 30 35 30 31 32 39 38 32 64 62 32 33 62 34 31 30 30 30 30 30 30 30 30 0d
              0x02050129  cls=0x00 idx=4 dev=41

    2668.6ms  TX  ──►  [1.3]  54 30 32 30 35 30 31 32 39 38 32 64 62 32 33 62 34 31 30 30 30 30 30 30 30 30 0d
              0x02050129  cls=0x00 idx=4 dev=41

    2694.0ms  TX  ──►  [1.3]  54 30 32 30 35 30 31 32 39 38 32 64 62 32 33 62 34 31 30 30 30 30 30 30 30 30 0d
              0x02050129  cls=0x00 idx=4 dev=41

    2721.0ms  TX  ──►  [1.3]  54 30 32 30 35 30 31 32 39 38 32 64 62 32 33 62 34 31 30 30 30 30 30 30 30 30 0d
              0x02050129  cls=0x00 idx=4 dev=41

    2741.6ms  TX  ──►  [1.3]  54 30 32 30 35 30 31 32 39 38 32 64 62 32 33 62 34 31 30 30 30 30 30 30 30 30 0d
              0x02050129  cls=0x00 idx=4 dev=41

    2770.2ms  TX  ──►  [1.3]  54 30 32 30 35 30 31 32 39 38 32 64 62 32 33 62 34 31 30 30 30 30 30 30 30 30 0d
              0x02050129  cls=0x00 idx=4 dev=41

    2799.1ms  TX  ──►  [1.3]  54 30 32 30 35 30 31 32 39 38 32 64 62 32 33 62 34 31 30 30 30 30 30 30 30 30 0d
              0x02050129  cls=0x00 idx=4 dev=41

    2819.2ms  TX  ──►  [1.3]  54 30 32 30 35 30 31 32 39 38 32 64 62 32 33 62 34 31 30 30 30 30 30 30 30 30 0d
              0x02050129  cls=0x00 idx=4 dev=41

    2840.0ms  TX  ──►  [1.3]  54 30 32 30 35 30 31 32 39 38 32 64 62 32 33 62 34 31 30 30 30 30 30 30 30 30 0d
              0x02050129  cls=0x00 idx=4 dev=41

    2869.8ms  TX  ──►  [1.3]  54 30 32 30 35 30 31 32 39 38 32 64 62 32 33 62 34 31 30 30 30 30 30 30 30 30 0d
              0x02050129  cls=0x00 idx=4 dev=41

    2898.3ms  TX  ──►  [1.3]  54 30 32 30 35 30 31 32 39 38 32 64 62 32 33 62 34 31 30 30 30 30 30 30 30 30 0d
              0x02050129  cls=0x00 idx=4 dev=41

    2918.0ms  TX  ──►  [1.3]  54 30 32 30 35 30 31 32 39 38 32 64 62 32 33 62 34 31 30 30 30 30 30 30 30 30 0d
              0x02050129  cls=0x00 idx=4 dev=41

    2941.7ms  TX  ──►  [1.3]  54 30 32 30 35 30 31 32 39 38 32 64 62 32 33 62 34 31 30 30 30 30 30 30 30 30 0d
              0x02050129  cls=0x00 idx=4 dev=41

    2966.0ms  TX  ──►  [1.3]  54 30 32 30 35 30 31 32 39 38 32 64 62 32 33 62 34 31 30 30 30 30 30 30 30 30 0d
              0x02050129  cls=0x00 idx=4 dev=41

    2985.6ms  TX  ──►  [1.3]  54 30 32 30 35 30 31 32 39 38 32 64 62 32 33 62 34 31 30 30 30 30 30 30 30 30 0d
              0x02050129  cls=0x00 idx=4 dev=41

    3014.7ms  TX  ──►  [1.3]  54 30 32 30 35 30 31 32 39 38 32 64 62 32 33 62 34 31 30 30 30 30 30 30 30 30 0d
              0x02050129  cls=0x00 idx=4 dev=41

    3035.3ms  TX  ──►  [1.3]  54 30 32 30 35 30 31 32 39 38 32 64 62 32 33 62 34 31 30 30 30 30 30 30 30 30 0d
              0x02050129  cls=0x00 idx=4 dev=41

    3056.5ms  TX  ──►  [1.3]  54 30 32 30 35 30 31 32 39 38 32 64 62 32 33 62 34 31 30 30 30 30 30 30 30 30 0d
              0x02050129  cls=0x00 idx=4 dev=41

    3077.1ms  TX  ──►  [1.3]  54 30 32 30 35 30 31 32 39 38 32 64 62 32 33 62 34 31 30 30 30 30 30 30 30 30 0d
              0x02050129  cls=0x00 idx=4 dev=41

    3097.6ms  TX  ──►  [1.3]  54 30 32 30 35 30 31 32 39 38 32 64 62 32 33 62 34 31 30 30 30 30 30 30 30 30 0d
              0x02050129  cls=0x00 idx=4 dev=41

    3118.9ms  TX  ──►  [1.3]  54 30 32 30 35 30 31 32 39 38 32 64 62 32 33 62 34 31 30 30 30 30 30 30 30 30 0d
              0x02050129  cls=0x00 idx=4 dev=41

    3139.2ms  TX  ──►  [1.3]  54 30 32 30 35 30 31 32 39 38 32 64 62 32 33 62 34 31 30 30 30 30 30 30 30 30 0d
              0x02050129  cls=0x00 idx=4 dev=41

    3159.0ms  TX  ──►  [1.3]  54 30 32 30 35 30 31 32 39 38 32 64 62 32 33 62 34 31 30 30 30 30 30 30 30 30 0d
              0x02050129  cls=0x00 idx=4 dev=41

    3179.8ms  TX  ──►  [1.3]  54 30 32 30 35 30 31 32 39 38 32 64 62 32 33 62 34 31 30 30 30 30 30 30 30 30 0d
              0x02050129  cls=0x00 idx=4 dev=41

    3199.7ms  TX  ──►  [1.3]  54 30 32 30 35 30 31 32 39 38 32 64 62 32 33 62 34 31 30 30 30 30 30 30 30 30 0d
              0x02050129  cls=0x00 idx=4 dev=41

    3220.5ms  TX  ──►  [1.3]  54 30 32 30 35 30 31 32 39 38 32 64 62 32 33 62 34 31 30 30 30 30 30 30 30 30 0d
              0x02050129  cls=0x00 idx=4 dev=41

    3241.4ms  TX  ──►  [1.3]  54 30 32 30 35 30 31 32 39 38 32 64 62 32 33 62 34 31 30 30 30 30 30 30 30 30 0d
              0x02050129  cls=0x00 idx=4 dev=41

    3267.0ms  TX  ──►  [1.3]  54 30 32 30 35 30 31 32 39 38 32 64 62 32 33 62 34 31 30 30 30 30 30 30 30 30 0d
              0x02050129  cls=0x00 idx=4 dev=41

    3289.8ms  TX  ──►  [1.3]  54 30 32 30 35 30 31 32 39 38 32 64 62 32 33 62 34 31 30 30 30 30 30 30 30 30 0d
              0x02050129  cls=0x00 idx=4 dev=41

    3319.4ms  TX  ──►  [1.3]  54 30 32 30 35 30 31 32 39 38 32 64 62 32 33 62 34 31 30 30 30 30 30 30 30 30 0d
              0x02050129  cls=0x00 idx=4 dev=41

    3340.0ms  TX  ──►  [1.3]  54 30 32 30 35 30 31 32 39 38 32 64 62 32 33 62 34 31 30 30 30 30 30 30 30 30 0d
              0x02050129  cls=0x00 idx=4 dev=41

    3359.8ms  TX  ──►  [1.3]  54 30 32 30 35 30 31 32 39 38 32 64 62 32 33 62 34 31 30 30 30 30 30 30 30 30 0d
              0x02050129  cls=0x00 idx=4 dev=41

    3379.9ms  TX  ──►  [1.3]  54 30 32 30 35 30 31 32 39 38 32 64 62 32 33 62 34 31 30 30 30 30 30 30 30 30 0d
              0x02050129  cls=0x00 idx=4 dev=41

    3400.4ms  TX  ──►  [1.3]  54 30 32 30 35 30 31 32 39 38 32 64 62 32 33 62 34 31 30 30 30 30 30 30 30 30 0d
              0x02050129  cls=0x00 idx=4 dev=41

    3429.0ms  TX  ──►  [1.3]  54 30 32 30 35 30 31 32 39 38 32 64 62 32 33 62 34 31 30 30 30 30 30 30 30 30 0d
              0x02050129  cls=0x00 idx=4 dev=41

    3449.7ms  TX  ──►  [1.3]  54 30 32 30 35 30 31 32 39 38 32 64 62 32 33 62 34 31 30 30 30 30 30 30 30 30 0d
              0x02050129  cls=0x00 idx=4 dev=41

    3480.2ms  TX  ──►  [1.3]  54 30 32 30 35 30 31 32 39 38 32 64 62 32 33 62 34 31 30 30 30 30 30 30 30 30 0d
              0x02050129  cls=0x00 idx=4 dev=41

    3500.7ms  TX  ──►  [1.3]  54 30 32 30 35 30 31 32 39 38 32 64 62 32 33 62 34 31 30 30 30 30 30 30 30 30 0d
              0x02050129  cls=0x00 idx=4 dev=41

    3530.0ms  TX  ──►  [1.3]  54 30 32 30 35 30 31 32 39 38 32 64 62 32 33 62 34 31 30 30 30 30 30 30 30 30 0d
              0x02050129  cls=0x00 idx=4 dev=41

    3551.2ms  TX  ──►  [1.3]  54 30 32 30 35 30 31 32 39 38 32 64 62 32 33 62 34 31 30 30 30 30 30 30 30 30 0d
              0x02050129  cls=0x00 idx=4 dev=41

    3573.5ms  TX  ──►  [1.3]  54 30 32 30 35 30 31 32 39 38 32 64 62 32 33 62 34 31 30 30 30 30 30 30 30 30 0d
              0x02050129  cls=0x00 idx=4 dev=41

    3600.0ms  TX  ──►  [1.3]  54 30 32 30 35 30 31 32 39 38 32 64 62 32 33 62 34 31 30 30 30 30 30 30 30 30 0d
              0x02050129  cls=0x00 idx=4 dev=41

    3619.7ms  TX  ──►  [1.3]  54 30 32 30 35 30 31 32 39 38 32 64 62 32 33 62 34 31 30 30 30 30 30 30 30 30 0d
              0x02050129  cls=0x00 idx=4 dev=41

    3649.8ms  TX  ──►  [1.3]  54 30 32 30 35 30 31 32 39 38 32 64 62 32 33 62 34 31 30 30 30 30 30 30 30 30 0d
              0x02050129  cls=0x00 idx=4 dev=41

    3669.5ms  TX  ──►  [1.3]  54 30 32 30 35 30 31 32 39 38 32 64 62 32 33 62 34 31 30 30 30 30 30 30 30 30 0d
              0x02050129  cls=0x00 idx=4 dev=41

    3690.3ms  TX  ──►  [1.3]  54 30 32 30 35 30 31 32 39 38 32 64 62 32 33 62 34 31 30 30 30 30 30 30 30 30 0d
              0x02050129  cls=0x00 idx=4 dev=41

    3711.0ms  TX  ──►  [1.3]  54 30 32 30 35 30 31 32 39 38 32 64 62 32 33 62 34 31 30 30 30 30 30 30 30 30 0d
              0x02050129  cls=0x00 idx=4 dev=41

    3731.1ms  TX  ──►  [1.3]  54 30 32 30 35 30 31 32 39 38 32 64 62 32 33 62 34 31 30 30 30 30 30 30 30 30 0d
              0x02050129  cls=0x00 idx=4 dev=41

    3751.5ms  TX  ──►  [1.3]  54 30 32 30 35 30 31 32 39 38 32 64 62 32 33 62 34 31 30 30 30 30 30 30 30 30 0d
              0x02050129  cls=0x00 idx=4 dev=41

    3779.9ms  TX  ──►  [1.3]  54 30 32 30 35 30 31 32 39 38 32 64 62 32 33 62 34 31 30 30 30 30 30 30 30 30 0d
              0x02050129  cls=0x00 idx=4 dev=41

    3800.8ms  TX  ──►  [1.3]  54 30 32 30 35 30 31 32 39 38 32 64 62 32 33 62 34 31 30 30 30 30 30 30 30 30 0d
              0x02050129  cls=0x00 idx=4 dev=41

    3825.9ms  TX  ──►  [1.3]  54 30 32 30 35 30 31 32 39 38 32 64 62 32 33 62 34 31 30 30 30 30 30 30 30 30 0d
              0x02050129  cls=0x00 idx=4 dev=41

    3851.3ms  TX  ──►  [1.3]  54 30 32 30 35 30 31 32 39 38 32 64 62 32 33 62 34 31 30 30 30 30 30 30 30 30 0d
              0x02050129  cls=0x00 idx=4 dev=41

    3880.1ms  TX  ──►  [1.3]  54 30 32 30 35 30 31 32 39 38 32 64 62 32 33 62 34 31 30 30 30 30 30 30 30 30 0d
              0x02050129  cls=0x00 idx=4 dev=41

    3900.6ms  TX  ──►  [1.3]  54 30 32 30 35 30 31 32 39 38 32 64 62 32 33 62 34 31 30 30 30 30 30 30 30 30 0d
              0x02050129  cls=0x00 idx=4 dev=41

    3921.0ms  TX  ──►  [1.3]  54 30 32 30 35 30 31 32 39 38 32 64 62 32 33 62 34 31 30 30 30 30 30 30 30 30 0d
              0x02050129  cls=0x00 idx=4 dev=41

    3942.0ms  TX  ──►  [1.3]  54 30 32 30 35 30 31 32 39 38 32 64 62 32 33 62 34 31 30 30 30 30 30 30 30 30 0d
              0x02050129  cls=0x00 idx=4 dev=41

    3962.3ms  TX  ──►  [1.3]  54 30 32 30 35 30 31 32 39 38 32 64 62 32 33 62 34 31 30 30 30 30 30 30 30 30 0d
              0x02050129  cls=0x00 idx=4 dev=41

    3982.9ms  TX  ──►  [1.3]  54 30 32 30 35 30 31 32 39 38 32 64 62 32 33 62 34 31 30 30 30 30 30 30 30 30 0d
              0x02050129  cls=0x00 idx=4 dev=41

    4002.9ms  TX  ──►  [1.3]  54 30 32 30 35 30 31 32 39 38 32 64 62 32 33 62 34 31 30 30 30 30 30 30 30 30 0d
              0x02050129  cls=0x00 idx=4 dev=41

    4023.4ms  TX  ──►  [1.3]  54 30 32 30 35 30 31 32 39 38 32 64 62 32 33 62 34 31 30 30 30 30 30 30 30 30 0d
              0x02050129  cls=0x00 idx=4 dev=41

    4052.7ms  TX  ──►  [1.3]  54 30 32 30 35 30 31 32 39 38 32 64 62 32 33 62 34 31 30 30 30 30 30 30 30 30 0d
              0x02050129  cls=0x00 idx=4 dev=41

    4073.2ms  TX  ──►  [1.3]  54 30 32 30 35 30 31 32 39 38 32 64 62 32 33 62 34 31 30 30 30 30 30 30 30 30 0d
              0x02050129  cls=0x00 idx=4 dev=41

    4092.6ms  TX  ──►  [1.3]  54 30 32 30 35 30 31 32 39 38 32 64 62 32 33 62 34 31 30 30 30 30 30 30 30 30 0d
              0x02050129  cls=0x00 idx=4 dev=41

    4112.7ms  TX  ──►  [1.3]  54 30 32 30 35 30 31 32 39 38 32 64 62 32 33 62 34 31 30 30 30 30 30 30 30 30 0d
              0x02050129  cls=0x00 idx=4 dev=41

    4133.1ms  TX  ──►  [1.3]  54 30 32 30 35 30 31 32 39 38 32 64 62 32 33 62 34 31 30 30 30 30 30 30 30 30 0d
              0x02050129  cls=0x00 idx=4 dev=41

    4152.9ms  TX  ──►  [1.3]  54 30 32 30 35 30 31 32 39 38 32 64 62 32 33 62 34 31 30 30 30 30 30 30 30 30 0d
              0x02050129  cls=0x00 idx=4 dev=41

    4173.3ms  TX  ──►  [1.3]  54 30 32 30 35 30 31 32 39 38 32 64 62 32 33 62 34 31 30 30 30 30 30 30 30 30 0d
              0x02050129  cls=0x00 idx=4 dev=41

    4192.3ms  TX  ──►  [1.3]  54 30 32 30 35 30 31 32 39 38 32 64 62 32 33 62 34 31 30 30 30 30 30 30 30 30 0d
              0x02050129  cls=0x00 idx=4 dev=41

    4213.5ms  TX  ──►  [1.3]  54 30 32 30 35 30 31 32 39 38 32 64 62 32 33 62 34 31 30 30 30 30 30 30 30 30 0d
              0x02050129  cls=0x00 idx=4 dev=41

    4233.9ms  TX  ──►  [1.3]  54 30 32 30 35 30 31 32 39 38 32 64 62 32 33 62 34 31 30 30 30 30 30 30 30 30 0d
              0x02050129  cls=0x00 idx=4 dev=41

    4254.4ms  TX  ──►  [1.3]  54 30 32 30 35 30 31 32 39 38 32 64 62 32 33 62 34 31 30 30 30 30 30 30 30 30 0d
              0x02050129  cls=0x00 idx=4 dev=41

    4274.8ms  TX  ──►  [1.3]  54 30 32 30 35 30 31 32 39 38 32 64 62 32 33 62 34 31 30 30 30 30 30 30 30 30 0d
              0x02050129  cls=0x00 idx=4 dev=41

    4303.0ms  TX  ──►  [1.3]  54 30 32 30 35 30 31 32 39 38 32 64 62 32 33 62 34 31 30 30 30 30 30 30 30 30 0d
              0x02050129  cls=0x00 idx=4 dev=41

    4323.4ms  TX  ──►  [1.3]  54 30 32 30 35 30 31 32 39 38 32 64 62 32 33 62 34 31 30 30 30 30 30 30 30 30 0d
              0x02050129  cls=0x00 idx=4 dev=41

    4352.6ms  TX  ──►  [1.3]  54 30 32 30 35 30 31 32 39 38 32 64 62 32 33 62 34 31 30 30 30 30 30 30 30 30 0d
              0x02050129  cls=0x00 idx=4 dev=41

    4373.2ms  TX  ──►  [1.3]  54 30 32 30 35 30 31 32 39 38 32 64 62 32 33 62 34 31 30 30 30 30 30 30 30 30 0d
              0x02050129  cls=0x00 idx=4 dev=41

    4402.7ms  TX  ──►  [1.3]  54 30 32 30 35 30 31 32 39 38 32 64 62 32 33 62 34 31 30 30 30 30 30 30 30 30 0d
              0x02050129  cls=0x00 idx=4 dev=41

    4422.6ms  TX  ──►  [1.3]  54 30 32 30 35 30 31 32 39 38 32 64 62 32 33 62 34 31 30 30 30 30 30 30 30 30 0d
              0x02050129  cls=0x00 idx=4 dev=41

    4442.4ms  TX  ──►  [1.3]  54 30 32 30 35 30 31 32 39 38 32 64 62 32 33 62 34 31 30 30 30 30 30 30 30 30 0d
              0x02050129  cls=0x00 idx=4 dev=41

    4462.9ms  TX  ──►  [1.3]  54 30 32 30 35 30 31 32 39 38 32 64 62 32 33 62 34 31 30 30 30 30 30 30 30 30 0d
              0x02050129  cls=0x00 idx=4 dev=41

    4484.1ms  TX  ──►  [1.3]  54 30 32 30 35 30 31 32 39 38 32 64 62 32 33 62 34 31 30 30 30 30 30 30 30 30 0d
              0x02050129  cls=0x00 idx=4 dev=41

    4512.7ms  TX  ──►  [1.3]  54 30 32 30 35 30 31 32 39 38 32 64 62 32 33 62 34 31 30 30 30 30 30 30 30 30 0d
              0x02050129  cls=0x00 idx=4 dev=41

    4532.8ms  TX  ──►  [1.3]  54 30 32 30 35 30 31 32 39 38 32 64 62 32 33 62 34 31 30 30 30 30 30 30 30 30 0d
              0x02050129  cls=0x00 idx=4 dev=41

    4552.5ms  TX  ──►  [1.3]  54 30 32 30 35 30 31 32 39 38 32 64 62 32 33 62 34 31 30 30 30 30 30 30 30 30 0d
              0x02050129  cls=0x00 idx=4 dev=41

    4573.2ms  TX  ──►  [1.3]  54 30 32 30 35 30 31 32 39 38 32 64 62 32 33 62 34 31 30 30 30 30 30 30 30 30 0d
              0x02050129  cls=0x00 idx=4 dev=41

    4600.0ms  TX  ──►  [1.3]  54 30 32 30 35 30 31 32 39 38 32 64 62 32 33 62 34 31 30 30 30 30 30 30 30 30 0d
              0x02050129  cls=0x00 idx=4 dev=41

    4619.6ms  TX  ──►  [1.3]  54 30 32 30 35 30 31 32 39 38 32 64 62 32 33 62 34 31 30 30 30 30 30 30 30 30 0d
              0x02050129  cls=0x00 idx=4 dev=41

    4655.7ms  TX  ──►  [1.3]  54 30 32 30 35 30 31 32 39 38 32 64 62 32 33 62 34 31 30 30 30 30 30 30 30 30 0d
              0x02050129  cls=0x00 idx=4 dev=41

    4681.9ms  TX  ──►  [1.3]  54 30 32 30 35 30 31 32 39 38 32 64 62 32 33 62 34 31 30 30 30 30 30 30 30 30 0d
              0x02050129  cls=0x00 idx=4 dev=41

    4702.1ms  TX  ──►  [1.3]  54 30 32 30 35 30 31 32 39 38 32 64 62 32 33 62 34 31 30 30 30 30 30 30 30 30 0d
              0x02050129  cls=0x00 idx=4 dev=41

    4722.9ms  TX  ──►  [1.3]  54 30 32 30 35 30 31 32 39 38 32 64 62 32 33 62 34 31 30 30 30 30 30 30 30 30 0d
              0x02050129  cls=0x00 idx=4 dev=41

    4743.5ms  TX  ──►  [1.3]  54 30 32 30 35 30 31 32 39 38 32 64 62 32 33 62 34 31 30 30 30 30 30 30 30 30 0d
              0x02050129  cls=0x00 idx=4 dev=41

    4763.6ms  TX  ──►  [1.3]  54 30 32 30 35 30 31 32 39 38 32 64 62 32 33 62 34 31 30 30 30 30 30 30 30 30 0d
              0x02050129  cls=0x00 idx=4 dev=41

    4783.3ms  TX  ──►  [1.3]  54 30 32 30 35 30 31 32 39 38 32 64 62 32 33 62 34 31 30 30 30 30 30 30 30 30 0d
              0x02050129  cls=0x00 idx=4 dev=41

    4813.4ms  TX  ──►  [1.3]  54 30 32 30 35 30 31 32 39 38 32 64 62 32 33 62 34 31 30 30 30 30 30 30 30 30 0d
              0x02050129  cls=0x00 idx=4 dev=41

    4834.2ms  TX  ──►  [1.3]  54 30 32 30 35 30 31 32 39 38 32 64 62 32 33 62 34 31 30 30 30 30 30 30 30 30 0d
              0x02050129  cls=0x00 idx=4 dev=41

    4853.6ms  TX  ──►  [1.3]  54 30 32 30 35 30 31 32 39 38 32 64 62 32 33 62 34 31 30 30 30 30 30 30 30 30 0d
              0x02050129  cls=0x00 idx=4 dev=41

    4874.1ms  TX  ──►  [1.3]  54 30 32 30 35 30 31 32 39 38 32 64 62 32 33 62 34 31 30 30 30 30 30 30 30 30 0d
              0x02050129  cls=0x00 idx=4 dev=41

    4894.0ms  TX  ──►  [1.3]  54 30 32 30 35 30 31 32 39 38 32 64 62 32 33 62 34 31 30 30 30 30 30 30 30 30 0d
              0x02050129  cls=0x00 idx=4 dev=41

    4913.7ms  TX  ──►  [1.3]  54 30 32 30 35 30 31 32 39 38 32 64 62 32 33 62 34 31 30 30 30 30 30 30 30 30 0d
              0x02050129  cls=0x00 idx=4 dev=41

    4934.1ms  TX  ──►  [1.3]  54 30 32 30 35 30 31 32 39 38 32 64 62 32 33 62 34 31 30 30 30 30 30 30 30 30 0d
              0x02050129  cls=0x00 idx=4 dev=41

    4954.7ms  TX  ──►  [1.3]  54 30 32 30 35 30 31 32 39 38 32 64 62 32 33 62 34 31 30 30 30 30 30 30 30 30 0d
              0x02050129  cls=0x00 idx=4 dev=41

    4975.3ms  TX  ──►  [1.3]  54 30 32 30 35 30 31 32 39 38 32 64 62 32 33 62 34 31 30 30 30 30 30 30 30 30 0d
              0x02050129  cls=0x00 idx=4 dev=41

    4995.3ms  TX  ──►  [1.3]  54 30 32 30 35 30 31 32 39 38 32 64 62 32 33 62 34 31 30 30 30 30 30 30 30 30 0d
              0x02050129  cls=0x00 idx=4 dev=41

    5016.2ms  TX  ──►  [1.3]  54 30 32 30 35 30 31 32 39 38 32 64 62 32 33 62 34 31 30 30 30 30 30 30 30 30 0d
              0x02050129  cls=0x00 idx=4 dev=41

    5036.3ms  TX  ──►  [1.3]  54 30 32 30 35 30 31 32 39 38 32 64 62 32 33 62 34 31 30 30 30 30 30 30 30 30 0d
              0x02050129  cls=0x00 idx=4 dev=41

    5056.8ms  TX  ──►  [1.3]  54 30 32 30 35 30 31 32 39 38 32 64 62 32 33 62 34 31 30 30 30 30 30 30 30 30 0d
              0x02050129  cls=0x00 idx=4 dev=41

    5077.7ms  TX  ──►  [1.3]  54 30 32 30 35 30 31 32 39 38 32 64 62 32 33 62 34 31 30 30 30 30 30 30 30 30 0d
              0x02050129  cls=0x00 idx=4 dev=41

    5097.8ms  TX  ──►  [1.3]  54 30 32 30 35 30 31 32 39 38 32 64 62 32 33 62 34 31 30 30 30 30 30 30 30 30 0d
              0x02050129  cls=0x00 idx=4 dev=41

    5118.4ms  TX  ──►  [1.3]  54 30 32 30 35 30 31 32 39 38 32 64 62 32 33 62 34 31 30 30 30 30 30 30 30 30 0d
              0x02050129  cls=0x00 idx=4 dev=41

    5139.3ms  TX  ──►  [1.3]  54 30 32 30 35 30 31 32 39 38 32 64 62 32 33 62 34 31 30 30 30 30 30 30 30 30 0d
              0x02050129  cls=0x00 idx=4 dev=41

    5159.7ms  TX  ──►  [1.3]  54 30 32 30 35 30 31 32 39 38 32 64 62 32 33 62 34 31 30 30 30 30 30 30 30 30 0d
              0x02050129  cls=0x00 idx=4 dev=41

    5179.6ms  TX  ──►  [1.3]  54 30 32 30 35 30 31 32 39 38 32 64 62 32 33 62 34 31 30 30 30 30 30 30 30 30 0d
              0x02050129  cls=0x00 idx=4 dev=41

    5200.4ms  TX  ──►  [1.3]  54 30 32 30 35 30 31 32 39 38 32 64 62 32 33 62 34 31 30 30 30 30 30 30 30 30 0d
              0x02050129  cls=0x00 idx=4 dev=41

    5220.6ms  TX  ──►  [1.3]  54 30 32 30 35 30 31 32 39 38 32 64 62 32 33 62 34 31 30 30 30 30 30 30 30 30 0d
              0x02050129  cls=0x00 idx=4 dev=41

    5241.1ms  TX  ──►  [1.3]  54 30 32 30 35 30 31 32 39 38 32 64 62 32 33 62 34 31 30 30 30 30 30 30 30 30 0d
              0x02050129  cls=0x00 idx=4 dev=41

    5261.6ms  TX  ──►  [1.3]  54 30 32 30 35 30 31 32 39 38 32 64 62 32 33 62 34 31 30 30 30 30 30 30 30 30 0d
              0x02050129  cls=0x00 idx=4 dev=41

    5281.9ms  TX  ──►  [1.3]  54 30 32 30 35 30 31 32 39 38 32 64 62 32 33 62 34 31 30 30 30 30 30 30 30 30 0d
              0x02050129  cls=0x00 idx=4 dev=41

    5301.9ms  TX  ──►  [1.3]  54 30 32 30 35 30 31 32 39 38 32 64 62 32 33 62 34 31 30 30 30 30 30 30 30 30 0d
              0x02050129  cls=0x00 idx=4 dev=41

    5322.2ms  TX  ──►  [1.3]  54 30 32 30 35 30 31 32 39 38 32 64 62 32 33 62 34 31 30 30 30 30 30 30 30 30 0d
              0x02050129  cls=0x00 idx=4 dev=41

    5342.6ms  TX  ──►  [1.3]  54 30 32 30 35 30 31 32 39 38 32 64 62 32 33 62 34 31 30 30 30 30 30 30 30 30 0d
              0x02050129  cls=0x00 idx=4 dev=41

    5363.0ms  TX  ──►  [1.3]  54 30 32 30 35 30 31 32 39 38 32 64 62 32 33 62 34 31 30 30 30 30 30 30 30 30 0d
              0x02050129  cls=0x00 idx=4 dev=41

    5383.6ms  TX  ──►  [1.3]  54 30 32 30 35 30 31 32 39 38 32 64 62 32 33 62 34 31 30 30 30 30 30 30 30 30 0d
              0x02050129  cls=0x00 idx=4 dev=41

    5404.0ms  TX  ──►  [1.3]  54 30 32 30 35 30 31 32 39 38 32 64 62 32 33 62 34 31 30 30 30 30 30 30 30 30 0d
              0x02050129  cls=0x00 idx=4 dev=41

    5424.7ms  TX  ──►  [1.3]  54 30 32 30 35 30 31 32 39 38 32 64 62 32 33 62 34 31 30 30 30 30 30 30 30 30 0d
              0x02050129  cls=0x00 idx=4 dev=41

    5445.5ms  TX  ──►  [1.3]  54 30 32 30 35 30 31 32 39 38 32 64 62 32 33 62 34 31 30 30 30 30 30 30 30 30 0d
              0x02050129  cls=0x00 idx=4 dev=41

    5466.1ms  TX  ──►  [1.3]  54 30 32 30 35 30 31 32 39 38 32 64 62 32 33 62 34 31 30 30 30 30 30 30 30 30 0d
              0x02050129  cls=0x00 idx=4 dev=41

    5486.9ms  TX  ──►  [1.3]  54 30 32 30 35 30 31 32 39 38 32 64 62 32 33 62 34 31 30 30 30 30 30 30 30 30 0d
              0x02050129  cls=0x00 idx=4 dev=41

    5508.0ms  TX  ──►  [1.3]  54 30 32 30 35 30 31 32 39 38 32 64 62 32 33 62 34 31 30 30 30 30 30 30 30 30 0d
              0x02050129  cls=0x00 idx=4 dev=41

    5535.4ms  TX  ──►  [1.3]  54 30 32 30 35 30 31 32 39 38 32 64 62 32 33 62 34 31 30 30 30 30 30 30 30 30 0d
              0x02050129  cls=0x00 idx=4 dev=41

    5562.3ms  TX  ──►  [1.3]  54 30 32 30 35 30 31 32 39 38 32 64 62 32 33 62 34 31 30 30 30 30 30 30 30 30 0d
              0x02050129  cls=0x00 idx=4 dev=41

    5582.6ms  TX  ──►  [1.3]  54 30 32 30 35 30 31 32 39 38 32 64 62 32 33 62 34 31 30 30 30 30 30 30 30 30 0d
              0x02050129  cls=0x00 idx=4 dev=41

    5602.7ms  TX  ──►  [1.3]  54 30 32 30 35 30 31 32 39 38 32 64 62 32 33 62 34 31 30 30 30 30 30 30 30 30 0d
              0x02050129  cls=0x00 idx=4 dev=41

    5629.9ms  TX  ──►  [1.3]  54 30 32 30 35 30 31 32 39 38 32 64 62 32 33 62 34 31 30 30 30 30 30 30 30 30 0d
              0x02050129  cls=0x00 idx=4 dev=41

    5662.5ms  TX  ──►  [1.3]  54 30 32 30 35 30 31 32 39 38 32 64 62 32 33 62 34 31 30 30 30 30 30 30 30 30 0d
              0x02050129  cls=0x00 idx=4 dev=41

    5691.7ms  TX  ──►  [1.3]  54 30 32 30 35 30 31 32 39 38 32 64 62 32 33 62 34 31 30 30 30 30 30 30 30 30 0d
              0x02050129  cls=0x00 idx=4 dev=41

    5716.7ms  TX  ──►  [1.3]  54 30 32 30 35 30 31 32 39 38 32 64 62 32 33 62 34 31 30 30 30 30 30 30 30 30 0d
              0x02050129  cls=0x00 idx=4 dev=41

    5741.1ms  TX  ──►  [1.3]  54 30 32 30 35 30 31 32 39 38 32 64 62 32 33 62 34 31 30 30 30 30 30 30 30 30 0d
              0x02050129  cls=0x00 idx=4 dev=41

    5775.1ms  TX  ──►  [1.3]  54 30 32 30 35 30 31 32 39 38 32 64 62 32 33 62 34 31 30 30 30 30 30 30 30 30 0d
              0x02050129  cls=0x00 idx=4 dev=41

    5806.4ms  TX  ──►  [1.3]  54 30 32 30 35 30 31 32 39 38 32 64 62 32 33 62 34 31 30 30 30 30 30 30 30 30 0d
              0x02050129  cls=0x00 idx=4 dev=41

    5833.0ms  TX  ──►  [1.3]  54 30 32 30 35 30 31 32 39 38 32 64 62 32 33 62 34 31 30 30 30 30 30 30 30 30 0d
              0x02050129  cls=0x00 idx=4 dev=41

    5852.9ms  TX  ──►  [1.3]  54 30 32 30 35 30 31 32 39 38 32 64 62 32 33 62 34 31 30 30 30 30 30 30 30 30 0d
              0x02050129  cls=0x00 idx=4 dev=41

    5888.2ms  TX  ──►  [1.3]  54 30 32 30 35 30 31 32 39 38 32 64 62 32 33 62 34 31 30 30 30 30 30 30 30 30 0d
              0x02050129  cls=0x00 idx=4 dev=41

    5909.9ms  TX  ──►  [1.3]  54 30 32 30 35 30 31 32 39 38 32 64 62 32 33 62 34 31 30 30 30 30 30 30 30 30 0d
              0x02050129  cls=0x00 idx=4 dev=41

    5937.7ms  TX  ──►  [1.3]  54 30 32 30 35 30 31 32 39 38 32 64 62 32 33 62 34 31 30 30 30 30 30 30 30 30 0d
              0x02050129  cls=0x00 idx=4 dev=41

    5970.4ms  TX  ──►  [1.3]  54 30 32 30 35 30 31 32 39 38 32 64 62 32 33 62 34 31 30 30 30 30 30 30 30 30 0d
              0x02050129  cls=0x00 idx=4 dev=41

    5992.3ms  TX  ──►  [1.3]  54 30 32 30 35 30 31 32 39 38 32 64 62 32 33 62 34 31 30 30 30 30 30 30 30 30 0d
              0x02050129  cls=0x00 idx=4 dev=41

    6012.8ms  TX  ──►  [1.3]  54 30 32 30 35 30 31 32 39 38 32 64 62 32 33 62 34 31 30 30 30 30 30 30 30 30 0d
              0x02050129  cls=0x00 idx=4 dev=41

    6032.7ms  TX  ──►  [1.3]  54 30 32 30 35 30 31 32 39 38 32 64 62 32 33 62 34 31 30 30 30 30 30 30 30 30 0d
              0x02050129  cls=0x00 idx=4 dev=41

    6052.7ms  TX  ──►  [1.3]  54 30 32 30 35 30 31 32 39 38 32 64 62 32 33 62 34 31 30 30 30 30 30 30 30 30 0d
              0x02050129  cls=0x00 idx=4 dev=41

    6089.8ms  TX  ──►  [1.3]  54 30 32 30 35 30 31 32 39 38 32 64 62 32 33 62 34 31 30 30 30 30 30 30 30 30 0d
              0x02050129  cls=0x00 idx=4 dev=41

    6119.3ms  TX  ──►  [1.3]  54 30 32 30 35 30 31 32 39 38 32 64 62 32 33 62 34 31 30 30 30 30 30 30 30 30 0d
              0x02050129  cls=0x00 idx=4 dev=41

    6154.5ms  TX  ──►  [1.3]  54 30 32 30 35 30 31 32 39 38 32 64 62 32 33 62 34 31 30 30 30 30 30 30 30 30 0d
              0x02050129  cls=0x00 idx=4 dev=41

    6175.9ms  TX  ──►  [1.3]  54 30 32 30 35 30 31 32 39 38 32 64 62 32 33 62 34 31 30 30 30 30 30 30 30 30 0d
              0x02050129  cls=0x00 idx=4 dev=41

    6201.5ms  TX  ──►  [1.3]  54 30 32 30 35 30 31 32 39 38 32 64 62 32 33 62 34 31 30 30 30 30 30 30 30 30 0d
              0x02050129  cls=0x00 idx=4 dev=41

    6222.3ms  TX  ──►  [1.3]  54 30 32 30 35 30 31 32 39 38 32 64 62 32 33 62 34 31 30 30 30 30 30 30 30 30 0d
              0x02050129  cls=0x00 idx=4 dev=41

    6242.2ms  TX  ──►  [1.3]  54 30 32 30 35 30 31 32 39 38 32 64 62 32 33 62 34 31 30 30 30 30 30 30 30 30 0d
              0x02050129  cls=0x00 idx=4 dev=41

    6263.1ms  TX  ──►  [1.3]  54 30 32 30 35 30 31 32 39 38 32 64 62 32 33 62 34 31 30 30 30 30 30 30 30 30 0d
              0x02050129  cls=0x00 idx=4 dev=41

    6283.4ms  TX  ──►  [1.3]  54 30 32 30 35 30 31 32 39 38 32 64 62 32 33 62 34 31 30 30 30 30 30 30 30 30 0d
              0x02050129  cls=0x00 idx=4 dev=41

    6303.7ms  TX  ──►  [1.3]  54 30 32 30 35 30 31 32 39 38 32 64 62 32 33 62 34 31 30 30 30 30 30 30 30 30 0d
              0x02050129  cls=0x00 idx=4 dev=41

    6324.0ms  TX  ──►  [1.3]  54 30 32 30 35 30 31 32 39 38 32 64 62 32 33 62 34 31 30 30 30 30 30 30 30 30 0d
              0x02050129  cls=0x00 idx=4 dev=41

    6349.0ms  TX  ──►  [1.3]  54 30 32 30 35 30 31 32 39 38 32 64 62 32 33 62 34 31 30 30 30 30 30 30 30 30 0d
              0x02050129  cls=0x00 idx=4 dev=41

    6382.0ms  TX  ──►  [1.3]  54 30 32 30 35 30 31 32 39 38 32 64 62 32 33 62 34 31 30 30 30 30 30 30 30 30 0d
              0x02050129  cls=0x00 idx=4 dev=41

    6405.3ms  TX  ──►  [1.3]  54 30 32 30 35 30 31 32 39 38 32 64 62 32 33 62 34 31 30 30 30 30 30 30 30 30 0d
              0x02050129  cls=0x00 idx=4 dev=41

    6433.0ms  TX  ──►  [1.3]  54 30 32 30 35 30 31 32 39 38 32 64 62 32 33 62 34 31 30 30 30 30 30 30 30 30 0d
              0x02050129  cls=0x00 idx=4 dev=41

    6464.8ms  TX  ──►  [1.3]  54 30 32 30 35 30 31 32 39 38 32 64 62 32 33 62 34 31 30 30 30 30 30 30 30 30 0d
              0x02050129  cls=0x00 idx=4 dev=41

    6492.2ms  TX  ──►  [1.3]  54 30 32 30 35 30 31 32 39 38 32 64 62 32 33 62 34 31 30 30 30 30 30 30 30 30 0d
              0x02050129  cls=0x00 idx=4 dev=41

    6517.3ms  TX  ──►  [1.3]  54 30 32 30 35 30 31 32 39 38 32 64 62 32 33 62 34 31 30 30 30 30 30 30 30 30 0d
              0x02050129  cls=0x00 idx=4 dev=41

    6543.8ms  TX  ──►  [1.3]  54 30 32 30 35 30 31 32 39 38 32 64 62 32 33 62 34 31 30 30 30 30 30 30 30 30 0d
              0x02050129  cls=0x00 idx=4 dev=41

    6569.8ms  TX  ──►  [1.3]  54 30 32 30 35 30 31 32 39 38 32 64 62 32 33 62 34 31 30 30 30 30 30 30 30 30 0d
              0x02050129  cls=0x00 idx=4 dev=41

    6590.2ms  TX  ──►  [1.3]  54 30 32 30 35 30 31 32 39 38 32 64 62 32 33 62 34 31 30 30 30 30 30 30 30 30 0d
              0x02050129  cls=0x00 idx=4 dev=41

    6611.0ms  TX  ──►  [1.3]  54 30 32 30 35 30 31 32 39 38 32 64 62 32 33 62 34 31 30 30 30 30 30 30 30 30 0d
              0x02050129  cls=0x00 idx=4 dev=41

    6631.4ms  TX  ──►  [1.3]  54 30 32 30 35 30 31 32 39 38 32 64 62 32 33 62 34 31 30 30 30 30 30 30 30 30 0d
              0x02050129  cls=0x00 idx=4 dev=41

    6652.3ms  TX  ──►  [1.3]  54 30 32 30 35 30 31 32 39 38 32 64 62 32 33 62 34 31 30 30 30 30 30 30 30 30 0d
              0x02050129  cls=0x00 idx=4 dev=41

    6672.8ms  TX  ──►  [1.3]  54 30 32 30 35 30 31 32 39 38 32 64 62 32 33 62 34 31 30 30 30 30 30 30 30 30 0d
              0x02050129  cls=0x00 idx=4 dev=41

    6702.8ms  TX  ──►  [1.3]  54 30 32 30 35 30 31 32 39 38 32 64 62 32 33 62 34 31 30 30 30 30 30 30 30 30 0d
              0x02050129  cls=0x00 idx=4 dev=41

    6723.3ms  TX  ──►  [1.3]  54 30 32 30 35 30 31 32 39 38 32 64 62 32 33 62 34 31 30 30 30 30 30 30 30 30 0d
              0x02050129  cls=0x00 idx=4 dev=41

    6744.2ms  TX  ──►  [1.3]  54 30 32 30 35 30 31 32 39 38 32 64 62 32 33 62 34 31 30 30 30 30 30 30 30 30 0d
              0x02050129  cls=0x00 idx=4 dev=41

    6765.3ms  TX  ──►  [1.3]  54 30 32 30 35 30 31 32 39 38 32 64 62 32 33 62 34 31 30 30 30 30 30 30 30 30 0d
              0x02050129  cls=0x00 idx=4 dev=41

    6784.5ms  TX  ──►  [1.3]  54 30 32 30 35 30 31 32 39 38 32 64 62 32 33 62 34 31 30 30 30 30 30 30 30 30 0d
              0x02050129  cls=0x00 idx=4 dev=41

    6812.9ms  TX  ──►  [1.3]  54 30 32 30 35 30 31 32 39 38 32 64 62 32 33 62 34 31 30 30 30 30 30 30 30 30 0d
              0x02050129  cls=0x00 idx=4 dev=41

    6833.6ms  TX  ──►  [1.3]  54 30 32 30 35 30 31 32 39 38 32 64 62 32 33 62 34 31 30 30 30 30 30 30 30 30 0d
              0x02050129  cls=0x00 idx=4 dev=41

    6862.5ms  TX  ──►  [1.3]  54 30 32 30 35 30 31 32 39 38 32 64 62 32 33 62 34 31 30 30 30 30 30 30 30 30 0d
              0x02050129  cls=0x00 idx=4 dev=41

    6882.6ms  TX  ──►  [1.3]  54 30 32 30 35 30 31 32 39 38 32 64 62 32 33 62 34 31 30 30 30 30 30 30 30 30 0d
              0x02050129  cls=0x00 idx=4 dev=41

    6902.6ms  TX  ──►  [1.3]  54 30 32 30 35 30 31 32 39 38 32 64 62 32 33 62 34 31 30 30 30 30 30 30 30 30 0d
              0x02050129  cls=0x00 idx=4 dev=41

    6923.7ms  TX  ──►  [1.3]  54 30 32 30 35 30 31 32 39 38 32 64 62 32 33 62 34 31 30 30 30 30 30 30 30 30 0d
              0x02050129  cls=0x00 idx=4 dev=41

    6952.8ms  TX  ──►  [1.3]  54 30 32 30 35 30 31 32 39 38 32 64 62 32 33 62 34 31 30 30 30 30 30 30 30 30 0d
              0x02050129  cls=0x00 idx=4 dev=41

    6973.1ms  TX  ──►  [1.3]  54 30 32 30 35 30 31 32 39 38 32 64 62 32 33 62 34 31 30 30 30 30 30 30 30 30 0d
              0x02050129  cls=0x00 idx=4 dev=41

    7002.2ms  TX  ──►  [1.3]  54 30 32 30 35 30 31 32 39 38 32 64 62 32 33 62 34 31 30 30 30 30 30 30 30 30 0d
              0x02050129  cls=0x00 idx=4 dev=41

    7022.2ms  TX  ──►  [1.3]  54 30 32 30 35 30 31 32 39 38 32 64 62 32 33 62 34 31 30 30 30 30 30 30 30 30 0d
              0x02050129  cls=0x00 idx=4 dev=41

    7042.5ms  TX  ──►  [1.3]  54 30 32 30 35 30 31 32 39 38 32 64 62 32 33 62 34 31 30 30 30 30 30 30 30 30 0d
              0x02050129  cls=0x00 idx=4 dev=41

    7062.1ms  TX  ──►  [1.3]  54 30 32 30 35 30 31 32 39 38 32 64 62 32 33 62 34 31 30 30 30 30 30 30 30 30 0d
              0x02050129  cls=0x00 idx=4 dev=41

    7082.4ms  TX  ──►  [1.3]  54 30 32 30 35 30 31 32 39 38 32 64 62 32 33 62 34 31 30 30 30 30 30 30 30 30 0d
              0x02050129  cls=0x00 idx=4 dev=41

    7102.6ms  TX  ──►  [1.3]  54 30 32 30 35 30 31 32 39 38 32 64 62 32 33 62 34 31 30 30 30 30 30 30 30 30 0d
              0x02050129  cls=0x00 idx=4 dev=41

    7122.8ms  TX  ──►  [1.3]  54 30 32 30 35 30 31 32 39 38 32 64 62 32 33 62 34 31 30 30 30 30 30 30 30 30 0d
              0x02050129  cls=0x00 idx=4 dev=41

    7142.2ms  TX  ──►  [1.3]  54 30 32 30 35 30 31 32 39 38 32 64 62 32 33 62 34 31 30 30 30 30 30 30 30 30 0d
              0x02050129  cls=0x00 idx=4 dev=41

    7163.1ms  TX  ──►  [1.3]  54 30 32 30 35 30 31 32 39 38 32 64 62 32 33 62 34 31 30 30 30 30 30 30 30 30 0d
              0x02050129  cls=0x00 idx=4 dev=41

    7183.0ms  TX  ──►  [1.3]  54 30 32 30 35 30 31 32 39 38 32 64 62 32 33 62 34 31 30 30 30 30 30 30 30 30 0d
              0x02050129  cls=0x00 idx=4 dev=41

    7202.4ms  TX  ──►  [1.3]  54 30 32 30 35 30 31 32 39 38 32 64 62 32 33 62 34 31 30 30 30 30 30 30 30 30 0d
              0x02050129  cls=0x00 idx=4 dev=41

    7222.8ms  TX  ──►  [1.3]  54 30 32 30 35 30 31 32 39 38 32 64 62 32 33 62 34 31 30 30 30 30 30 30 30 30 0d
              0x02050129  cls=0x00 idx=4 dev=41

    7242.3ms  TX  ──►  [1.3]  54 30 32 30 35 30 31 32 39 38 32 64 62 32 33 62 34 31 30 30 30 30 30 30 30 30 0d
              0x02050129  cls=0x00 idx=4 dev=41

    7263.0ms  TX  ──►  [1.3]  54 30 32 30 35 30 31 32 39 38 32 64 62 32 33 62 34 31 30 30 30 30 30 30 30 30 0d
              0x02050129  cls=0x00 idx=4 dev=41

    7283.6ms  TX  ──►  [1.3]  54 30 32 30 35 30 31 32 39 38 32 64 62 32 33 62 34 31 30 30 30 30 30 30 30 30 0d
              0x02050129  cls=0x00 idx=4 dev=41

    7313.3ms  TX  ──►  [1.3]  54 30 32 30 35 30 31 32 39 38 32 64 62 32 33 62 34 31 30 30 30 30 30 30 30 30 0d
              0x02050129  cls=0x00 idx=4 dev=41

    7333.5ms  TX  ──►  [1.3]  54 30 32 30 35 30 31 32 39 38 32 64 62 32 33 62 34 31 30 30 30 30 30 30 30 30 0d
              0x02050129  cls=0x00 idx=4 dev=41

    7362.6ms  TX  ──►  [1.3]  54 30 32 30 35 30 31 32 39 38 32 64 62 32 33 62 34 31 30 30 30 30 30 30 30 30 0d
              0x02050129  cls=0x00 idx=4 dev=41

    7383.3ms  TX  ──►  [1.3]  54 30 32 30 35 30 31 32 39 38 32 64 62 32 33 62 34 31 30 30 30 30 30 30 30 30 0d
              0x02050129  cls=0x00 idx=4 dev=41

    7411.0ms  TX  ──►  [1.3]  54 30 32 30 35 30 31 32 39 38 32 64 62 32 33 62 34 31 30 30 30 30 30 30 30 30 0d
              0x02050129  cls=0x00 idx=4 dev=41

    7431.8ms  TX  ──►  [1.3]  54 30 32 30 35 30 31 32 39 38 32 64 62 32 33 62 34 31 30 30 30 30 30 30 30 30 0d
              0x02050129  cls=0x00 idx=4 dev=41

    7451.8ms  TX  ──►  [1.3]  54 30 32 30 35 30 31 32 39 38 32 64 62 32 33 62 34 31 30 30 30 30 30 30 30 30 0d
              0x02050129  cls=0x00 idx=4 dev=41

    7472.2ms  TX  ──►  [1.3]  54 30 32 30 35 30 31 32 39 38 32 64 62 32 33 62 34 31 30 30 30 30 30 30 30 30 0d
              0x02050129  cls=0x00 idx=4 dev=41

    7493.0ms  TX  ──►  [1.3]  54 30 32 30 35 30 31 32 39 38 32 64 62 32 33 62 34 31 30 30 30 30 30 30 30 30 0d
              0x02050129  cls=0x00 idx=4 dev=41

    7512.6ms  TX  ──►  [1.3]  54 30 32 30 35 30 31 32 39 38 32 64 62 32 33 62 34 31 30 30 30 30 30 30 30 30 0d
              0x02050129  cls=0x00 idx=4 dev=41

    7533.0ms  TX  ──►  [1.3]  54 30 32 30 35 30 31 32 39 38 32 64 62 32 33 62 34 31 30 30 30 30 30 30 30 30 0d
              0x02050129  cls=0x00 idx=4 dev=41

    7553.1ms  TX  ──►  [1.3]  54 30 32 30 35 30 31 32 39 38 32 64 62 32 33 62 34 31 30 30 30 30 30 30 30 30 0d
              0x02050129  cls=0x00 idx=4 dev=41

    7573.4ms  TX  ──►  [1.3]  54 30 32 30 35 30 31 32 39 38 32 64 62 32 33 62 34 31 30 30 30 30 30 30 30 30 0d
              0x02050129  cls=0x00 idx=4 dev=41

    7602.5ms  TX  ──►  [1.3]  54 30 32 30 35 30 31 32 39 38 32 64 62 32 33 62 34 31 30 30 30 30 30 30 30 30 0d
              0x02050129  cls=0x00 idx=4 dev=41

    7622.8ms  TX  ──►  [1.3]  54 30 32 30 35 30 31 32 39 38 32 64 62 32 33 62 34 31 30 30 30 30 30 30 30 30 0d
              0x02050129  cls=0x00 idx=4 dev=41

    7642.7ms  TX  ──►  [1.3]  54 30 32 30 35 30 31 32 39 38 32 64 62 32 33 62 34 31 30 30 30 30 30 30 30 30 0d
              0x02050129  cls=0x00 idx=4 dev=41

    7673.0ms  TX  ──►  [1.3]  54 30 32 30 35 30 31 32 39 38 32 64 62 32 33 62 34 31 30 30 30 30 30 30 30 30 0d
              0x02050129  cls=0x00 idx=4 dev=41

    7702.6ms  TX  ──►  [1.3]  54 30 32 30 35 30 31 32 39 38 32 64 62 32 33 62 34 31 30 30 30 30 30 30 30 30 0d
              0x02050129  cls=0x00 idx=4 dev=41

    7722.7ms  TX  ──►  [1.3]  54 30 32 30 35 30 31 32 39 38 32 64 62 32 33 62 34 31 30 30 30 30 30 30 30 30 0d
              0x02050129  cls=0x00 idx=4 dev=41

    7745.3ms  TX  ──►  [1.3]  54 30 32 30 35 30 31 32 39 38 32 64 62 32 33 62 34 31 30 30 30 30 30 30 30 30 0d
              0x02050129  cls=0x00 idx=4 dev=41

    7774.5ms  TX  ──►  [1.3]  54 30 32 30 35 30 31 32 39 38 32 64 62 32 33 62 34 31 30 30 30 30 30 30 30 30 0d
              0x02050129  cls=0x00 idx=4 dev=41

    7804.0ms  TX  ──►  [1.3]  54 30 32 30 35 30 31 32 39 38 32 64 62 32 33 62 34 31 30 30 30 30 30 30 30 30 0d
              0x02050129  cls=0x00 idx=4 dev=41

    7833.0ms  TX  ──►  [1.3]  54 30 32 30 35 30 31 32 39 38 32 64 62 32 33 62 34 31 30 30 30 30 30 30 30 30 0d
              0x02050129  cls=0x00 idx=4 dev=41

    7853.1ms  TX  ──►  [1.3]  54 30 32 30 35 30 31 32 39 38 32 64 62 32 33 62 34 31 30 30 30 30 30 30 30 30 0d
              0x02050129  cls=0x00 idx=4 dev=41

    7872.9ms  TX  ──►  [1.3]  54 30 32 30 35 30 31 32 39 38 32 64 62 32 33 62 34 31 30 30 30 30 30 30 30 30 0d
              0x02050129  cls=0x00 idx=4 dev=41

    7893.7ms  TX  ──►  [1.3]  54 30 32 30 35 30 31 32 39 38 32 64 62 32 33 62 34 31 30 30 30 30 30 30 30 30 0d
              0x02050129  cls=0x00 idx=4 dev=41

    7914.4ms  TX  ──►  [1.3]  54 30 32 30 35 30 31 32 39 38 32 64 62 32 33 62 34 31 30 30 30 30 30 30 30 30 0d
              0x02050129  cls=0x00 idx=4 dev=41

    7934.4ms  TX  ──►  [1.3]  54 30 32 30 35 30 31 32 39 38 32 64 62 32 33 62 34 31 30 30 30 30 30 30 30 30 0d
              0x02050129  cls=0x00 idx=4 dev=41

    7955.3ms  TX  ──►  [1.3]  54 30 32 30 35 30 31 32 39 38 32 64 62 32 33 62 34 31 30 30 30 30 30 30 30 30 0d
              0x02050129  cls=0x00 idx=4 dev=41

    7975.3ms  TX  ──►  [1.3]  54 30 32 30 35 30 31 32 39 38 32 64 62 32 33 62 34 31 30 30 30 30 30 30 30 30 0d
              0x02050129  cls=0x00 idx=4 dev=41

    7995.4ms  TX  ──►  [1.3]  54 30 32 30 35 30 31 32 39 38 32 64 62 32 33 62 34 31 30 30 30 30 30 30 30 30 0d
              0x02050129  cls=0x00 idx=4 dev=41

    8016.2ms  TX  ──►  [1.3]  54 30 32 30 35 30 31 32 39 38 32 64 62 32 33 62 34 31 30 30 30 30 30 30 30 30 0d
              0x02050129  cls=0x00 idx=4 dev=41

    8037.1ms  TX  ──►  [1.3]  54 30 32 30 35 30 31 32 39 38 32 64 62 32 33 62 34 31 30 30 30 30 30 30 30 30 0d
              0x02050129  cls=0x00 idx=4 dev=41

    8057.3ms  TX  ──►  [1.3]  54 30 32 30 35 30 31 32 39 38 32 64 62 32 33 62 34 31 30 30 30 30 30 30 30 30 0d
              0x02050129  cls=0x00 idx=4 dev=41

    8078.4ms  TX  ──►  [1.3]  54 30 32 30 35 30 31 32 39 38 32 64 62 32 33 62 34 31 30 30 30 30 30 30 30 30 0d
              0x02050129  cls=0x00 idx=4 dev=41

    8098.9ms  TX  ──►  [1.3]  54 30 32 30 35 30 31 32 39 38 32 64 62 32 33 62 34 31 30 30 30 30 30 30 30 30 0d
              0x02050129  cls=0x00 idx=4 dev=41

    8118.6ms  TX  ──►  [1.3]  54 30 32 30 35 30 31 32 39 38 32 64 62 32 33 62 34 31 30 30 30 30 30 30 30 30 0d
              0x02050129  cls=0x00 idx=4 dev=41

    8139.0ms  TX  ──►  [1.3]  54 30 32 30 35 30 31 32 39 38 32 64 62 32 33 62 34 31 30 30 30 30 30 30 30 30 0d
              0x02050129  cls=0x00 idx=4 dev=41

    8160.1ms  TX  ──►  [1.3]  54 30 32 30 35 30 31 32 39 38 32 64 62 32 33 62 34 31 30 30 30 30 30 30 30 30 0d
              0x02050129  cls=0x00 idx=4 dev=41

    8180.3ms  TX  ──►  [1.3]  54 30 32 30 35 30 31 32 39 38 32 64 62 32 33 62 34 31 30 30 30 30 30 30 30 30 0d
              0x02050129  cls=0x00 idx=4 dev=41

    8200.6ms  TX  ──►  [1.3]  54 30 32 30 35 30 31 32 39 38 32 64 62 32 33 62 34 31 30 30 30 30 30 30 30 30 0d
              0x02050129  cls=0x00 idx=4 dev=41

    8221.2ms  TX  ──►  [1.3]  54 30 32 30 35 30 31 32 39 38 32 64 62 32 33 62 34 31 30 30 30 30 30 30 30 30 0d
              0x02050129  cls=0x00 idx=4 dev=41

    8241.0ms  TX  ──►  [1.3]  54 30 32 30 35 30 31 32 39 38 32 64 62 32 33 62 34 31 30 30 30 30 30 30 30 30 0d
              0x02050129  cls=0x00 idx=4 dev=41

    8261.7ms  TX  ──►  [1.3]  54 30 32 30 35 30 31 32 39 38 32 64 62 32 33 62 34 31 30 30 30 30 30 30 30 30 0d
              0x02050129  cls=0x00 idx=4 dev=41

    8282.4ms  TX  ──►  [1.3]  54 30 32 30 35 30 31 32 39 38 32 64 62 32 33 62 34 31 30 30 30 30 30 30 30 30 0d
              0x02050129  cls=0x00 idx=4 dev=41

    8302.9ms  TX  ──►  [1.3]  54 30 32 30 35 30 31 32 39 38 32 64 62 32 33 62 34 31 30 30 30 30 30 30 30 30 0d
              0x02050129  cls=0x00 idx=4 dev=41

    8323.3ms  TX  ──►  [1.3]  54 30 32 30 35 30 31 32 39 38 32 64 62 32 33 62 34 31 30 30 30 30 30 30 30 30 0d
              0x02050129  cls=0x00 idx=4 dev=41

    8344.4ms  TX  ──►  [1.3]  54 30 32 30 35 30 31 32 39 38 32 64 62 32 33 62 34 31 30 30 30 30 30 30 30 30 0d
              0x02050129  cls=0x00 idx=4 dev=41

    8364.7ms  TX  ──►  [1.3]  54 30 32 30 35 30 31 32 39 38 32 64 62 32 33 62 34 31 30 30 30 30 30 30 30 30 0d
              0x02050129  cls=0x00 idx=4 dev=41

    8385.4ms  TX  ──►  [1.3]  54 30 32 30 35 30 31 32 39 38 32 64 62 32 33 62 34 31 30 30 30 30 30 30 30 30 0d
              0x02050129  cls=0x00 idx=4 dev=41

    8406.8ms  TX  ──►  [1.3]  54 30 32 30 35 30 31 32 39 38 32 64 62 32 33 62 34 31 30 30 30 30 30 30 30 30 0d
              0x02050129  cls=0x00 idx=4 dev=41

    8427.0ms  TX  ──►  [1.3]  54 30 32 30 35 30 31 32 39 38 32 64 62 32 33 62 34 31 30 30 30 30 30 30 30 30 0d
              0x02050129  cls=0x00 idx=4 dev=41

    8446.6ms  TX  ──►  [1.3]  54 30 32 30 35 30 31 32 39 38 32 64 62 32 33 62 34 31 30 30 30 30 30 30 30 30 0d
              0x02050129  cls=0x00 idx=4 dev=41

