      31.2ms  TX  ──►  [1.3]  54 30 32 30 35 30 30 61 39 38 30 30 30 30 30 30 30 30 30 30 30 30 32 30 66 61 0d
              0x020500A9  cls=0x00 idx=2 dev=41

      63.5ms  TX  ──►  [1.3]  54 30 32 30 35 30 30 61 39 38 30 30 30 30 30 30 30 30 30 30 30 30 32 30 66 61 0d
              0x020500A9  cls=0x00 idx=2 dev=41

      87.3ms  TX  ──►  [1.3]  54 30 32 30 35 30 30 61 39 38 30 30 30 30 30 30 30 30 30 30 30 30 32 30 66 61 0d
              0x020500A9  cls=0x00 idx=2 dev=41

     120.3ms  TX  ──►  [1.3]  54 30 32 30 35 30 30 61 39 38 30 30 30 30 30 30 30 30 30 30 30 30 32 30 66 61 0d
              0x020500A9  cls=0x00 idx=2 dev=41

     146.7ms  TX  ──►  [1.3]  54 30 32 30 35 30 30 61 39 38 30 30 30 30 30 30 30 30 30 30 30 30 32 30 66 61 0d
              0x020500A9  cls=0x00 idx=2 dev=41

     166.3ms  TX  ──►  [1.3]  54 30 32 30 35 30 30 61 39 38 30 30 30 30 30 30 30 30 30 30 30 30 32 30 66 61 0d
              0x020500A9  cls=0x00 idx=2 dev=41

     186.4ms  TX  ──►  [1.3]  54 30 32 30 35 30 30 61 39 38 30 30 30 30 30 30 30 30 30 30 30 30 32 30 66 61 0d
              0x020500A9  cls=0x00 idx=2 dev=41

     207.5ms  TX  ──►  [1.3]  54 30 32 30 35 30 30 61 39 38 30 30 30 30 30 30 30 30 30 30 30 30 32 30 66 61 0d
              0x020500A9  cls=0x00 idx=2 dev=41

     227.4ms  TX  ──►  [1.3]  54 30 32 30 35 30 30 61 39 38 30 30 30 30 30 30 30 30 30 30 30 30 32 30 66 61 0d
              0x020500A9  cls=0x00 idx=2 dev=41

     247.6ms  TX  ──►  [1.3]  54 30 32 30 35 30 30 61 39 38 30 30 30 30 30 30 30 30 30 30 30 30 32 30 66 61 0d
              0x020500A9  cls=0x00 idx=2 dev=41

     267.4ms  TX  ──►  [1.3]  54 30 32 30 35 30 30 61 39 38 30 30 30 30 30 30 30 30 30 30 30 30 32 30 66 61 0d
              0x020500A9  cls=0x00 idx=2 dev=41

     287.2ms  TX  ──►  [1.3]  54 30 32 30 35 30 30 61 39 38 30 30 30 30 30 30 30 30 30 30 30 30 32 30 66 61 0d
              0x020500A9  cls=0x00 idx=2 dev=41

     307.6ms  TX  ──►  [1.3]  54 30 32 30 35 30 30 61 39 38 30 30 30 30 30 30 30 30 30 30 30 30 32 30 66 61 0d
              0x020500A9  cls=0x00 idx=2 dev=41

     331.7ms  TX  ──►  [1.3]  54 30 32 30 35 30 30 61 39 38 30 30 30 30 30 30 30 30 30 30 30 30 32 30 66 61 0d
              0x020500A9  cls=0x00 idx=2 dev=41

     358.3ms  TX  ──►  [1.3]  54 30 32 30 35 30 30 61 39 38 30 30 30 30 30 30 30 30 30 30 30 30 32 30 66 61 0d
              0x020500A9  cls=0x00 idx=2 dev=41

     381.6ms  TX  ──►  [1.3]  54 30 32 30 35 30 30 61 39 38 30 30 30 30 30 30 30 30 30 30 30 30 32 30 66 61 0d
              0x020500A9  cls=0x00 idx=2 dev=41

     408.0ms  TX  ──►  [1.3]  54 30 32 30 35 30 30 61 39 38 30 30 30 30 30 30 30 30 30 30 30 30 32 30 66 61 0d
              0x020500A9  cls=0x00 idx=2 dev=41

     440.2ms  TX  ──►  [1.3]  54 30 32 30 35 30 30 61 39 38 30 30 30 30 30 30 30 30 30 30 30 30 32 30 66 61 0d
              0x020500A9  cls=0x00 idx=2 dev=41

     465.4ms  TX  ──►  [1.3]  54 30 32 30 35 30 30 61 39 38 30 30 30 30 30 30 30 30 30 30 30 30 32 30 66 61 0d
              0x020500A9  cls=0x00 idx=2 dev=41

     491.0ms  TX  ──►  [1.3]  54 30 32 30 35 30 30 61 39 38 30 30 30 30 30 30 30 30 30 30 30 30 32 30 66 61 0d
              0x020500A9  cls=0x00 idx=2 dev=41

     516.4ms  TX  ──►  [1.3]  54 30 32 30 35 30 30 61 39 38 30 30 30 30 30 30 30 30 30 30 30 30 32 30 66 61 0d
              0x020500A9  cls=0x00 idx=2 dev=41

     538.2ms  TX  ──►  [1.3]  54 30 32 30 35 30 30 61 39 38 30 30 30 30 30 30 30 30 30 30 30 30 32 30 66 61 0d
              0x020500A9  cls=0x00 idx=2 dev=41

     566.5ms  TX  ──►  [1.3]  54 30 32 30 35 30 30 61 39 38 30 30 30 30 30 30 30 30 30 30 30 30 32 30 66 61 0d
              0x020500A9  cls=0x00 idx=2 dev=41

     587.5ms  TX  ──►  [1.3]  54 30 32 30 35 30 30 61 39 38 30 30 30 30 30 30 30 30 30 30 30 30 32 30 66 61 0d
              0x020500A9  cls=0x00 idx=2 dev=41

     615.9ms  TX  ──►  [1.3]  54 30 32 30 35 30 30 61 39 38 30 30 30 30 30 30 30 30 30 30 30 30 32 30 66 61 0d
              0x020500A9  cls=0x00 idx=2 dev=41

     635.8ms  TX  ──►  [1.3]  54 30 32 30 35 30 30 61 39 38 30 30 30 30 30 30 30 30 30 30 30 30 32 30 66 61 0d
              0x020500A9  cls=0x00 idx=2 dev=41

     664.9ms  TX  ──►  [1.3]  54 30 32 30 35 30 30 61 39 38 30 30 30 30 30 30 30 30 30 30 30 30 32 30 66 61 0d
              0x020500A9  cls=0x00 idx=2 dev=41

     699.6ms  TX  ──►  [1.3]  54 30 32 30 35 30 30 61 39 38 30 30 30 30 30 30 30 30 30 30 30 30 32 30 66 61 0d
              0x020500A9  cls=0x00 idx=2 dev=41

     721.5ms  TX  ──►  [1.3]  54 30 32 30 35 30 30 61 39 38 30 30 30 30 30 30 30 30 30 30 30 30 32 30 66 61 0d
              0x020500A9  cls=0x00 idx=2 dev=41

     750.1ms  TX  ──►  [1.3]  54 30 32 30 35 30 30 61 39 38 30 30 30 30 30 30 30 30 30 30 30 30 32 30 66 61 0d
              0x020500A9  cls=0x00 idx=2 dev=41

     775.1ms  TX  ──►  [1.3]  54 30 32 30 35 30 30 61 39 38 30 30 30 30 30 30 30 30 30 30 30 30 32 30 66 61 0d
              0x020500A9  cls=0x00 idx=2 dev=41

     799.4ms  TX  ──►  [1.3]  54 30 32 30 35 30 30 61 39 38 30 30 30 30 30 30 30 30 30 30 30 30 32 30 66 61 0d
              0x020500A9  cls=0x00 idx=2 dev=41

     832.2ms  TX  ──►  [1.3]  54 30 32 30 35 30 30 61 39 38 30 30 30 30 30 30 30 30 30 30 30 30 32 30 66 61 0d
              0x020500A9  cls=0x00 idx=2 dev=41

     865.0ms  TX  ──►  [1.3]  54 30 32 30 35 30 30 61 39 38 30 30 30 30 30 30 30 30 30 30 30 30 32 30 66 61 0d
              0x020500A9  cls=0x00 idx=2 dev=41

     896.7ms  TX  ──►  [1.3]  54 30 32 30 35 30 30 61 39 38 30 30 30 30 30 30 30 30 30 30 30 30 32 30 66 61 0d
              0x020500A9  cls=0x00 idx=2 dev=41

     921.7ms  TX  ──►  [1.3]  54 30 32 30 35 30 30 61 39 38 30 30 30 30 30 30 30 30 30 30 30 30 32 30 66 61 0d
              0x020500A9  cls=0x00 idx=2 dev=41

     941.9ms  TX  ──►  [1.3]  54 30 32 30 35 30 30 61 39 38 30 30 30 30 30 30 30 30 30 30 30 30 32 30 66 61 0d
              0x020500A9  cls=0x00 idx=2 dev=41

     968.9ms  TX  ──►  [1.3]  54 30 32 30 35 30 30 61 39 38 30 30 30 30 30 30 30 30 30 30 30 30 32 30 66 61 0d
              0x020500A9  cls=0x00 idx=2 dev=41

    1000.8ms  TX  ──►  [1.3]  54 30 32 30 35 30 30 61 39 38 30 30 30 30 30 30 30 30 30 30 30 30 32 30 66 61 0d
              0x020500A9  cls=0x00 idx=2 dev=41

    1025.5ms  TX  ──►  [1.3]  54 30 32 30 35 30 30 61 39 38 30 30 30 30 30 30 30 30 30 30 30 30 32 30 66 61 0d
              0x020500A9  cls=0x00 idx=2 dev=41

    1049.9ms  TX  ──►  [1.3]  54 30 32 30 35 30 30 61 39 38 30 30 30 30 30 30 30 30 30 30 30 30 32 30 66 61 0d
              0x020500A9  cls=0x00 idx=2 dev=41

    1078.3ms  TX  ──►  [1.3]  54 30 32 30 35 30 30 61 39 38 30 30 30 30 30 30 30 30 30 30 30 30 32 30 66 61 0d
              0x020500A9  cls=0x00 idx=2 dev=41

    1099.0ms  TX  ──►  [1.3]  54 30 32 30 35 30 30 61 39 38 30 30 30 30 30 30 30 30 30 30 30 30 32 30 66 61 0d
              0x020500A9  cls=0x00 idx=2 dev=41

    1123.1ms  TX  ──►  [1.3]  54 30 32 30 35 30 30 61 39 38 30 30 30 30 30 30 30 30 30 30 30 30 32 30 66 61 0d
              0x020500A9  cls=0x00 idx=2 dev=41

    1147.0ms  TX  ──►  [1.3]  54 30 32 30 35 30 30 61 39 38 30 30 30 30 30 30 30 30 30 30 30 30 32 30 66 61 0d
              0x020500A9  cls=0x00 idx=2 dev=41

    1172.7ms  TX  ──►  [1.3]  54 30 32 30 35 30 30 61 39 38 30 30 30 30 30 30 30 30 30 30 30 30 32 30 66 61 0d
              0x020500A9  cls=0x00 idx=2 dev=41

    1193.7ms  TX  ──►  [1.3]  54 30 32 30 35 30 30 61 39 38 30 30 30 30 30 30 30 30 30 30 30 30 32 30 66 61 0d
              0x020500A9  cls=0x00 idx=2 dev=41

    1213.2ms  TX  ──►  [1.3]  54 30 32 30 35 30 30 61 39 38 30 30 30 30 30 30 30 30 30 30 30 30 32 30 66 61 0d
              0x020500A9  cls=0x00 idx=2 dev=41

    1241.5ms  TX  ──►  [1.3]  54 30 32 30 35 30 30 61 39 38 30 30 30 30 30 30 30 30 30 30 30 30 32 30 66 61 0d
              0x020500A9  cls=0x00 idx=2 dev=41

    1268.9ms  TX  ──►  [1.3]  54 30 32 30 35 30 30 61 39 38 30 30 30 30 30 30 30 30 30 30 30 30 32 30 66 61 0d
              0x020500A9  cls=0x00 idx=2 dev=41

    1298.5ms  TX  ──►  [1.3]  54 30 32 30 35 30 30 61 39 38 30 30 30 30 30 30 30 30 30 30 30 30 32 30 66 61 0d
              0x020500A9  cls=0x00 idx=2 dev=41

    1333.3ms  TX  ──►  [1.3]  54 30 32 30 35 30 30 61 39 38 30 30 30 30 30 30 30 30 30 30 30 30 32 30 66 61 0d
              0x020500A9  cls=0x00 idx=2 dev=41

    1354.8ms  TX  ──►  [1.3]  54 30 32 30 35 30 30 61 39 38 30 30 30 30 30 30 30 30 30 30 30 30 32 30 66 61 0d
              0x020500A9  cls=0x00 idx=2 dev=41

    1381.5ms  TX  ──►  [1.3]  54 30 32 30 35 30 30 61 39 38 30 30 30 30 30 30 30 30 30 30 30 30 32 30 66 61 0d
              0x020500A9  cls=0x00 idx=2 dev=41

    1402.9ms  TX  ──►  [1.3]  54 30 32 30 35 30 30 61 39 38 30 30 30 30 30 30 30 30 30 30 30 30 32 30 66 61 0d
              0x020500A9  cls=0x00 idx=2 dev=41

    1428.2ms  TX  ──►  [1.3]  54 30 32 30 35 30 30 61 39 38 30 30 30 30 30 30 30 30 30 30 30 30 32 30 66 61 0d
              0x020500A9  cls=0x00 idx=2 dev=41

    1456.5ms  TX  ──►  [1.3]  54 30 32 30 35 30 30 61 39 38 30 30 30 30 30 30 30 30 30 30 30 30 32 30 66 61 0d
              0x020500A9  cls=0x00 idx=2 dev=41

    1476.7ms  TX  ──►  [1.3]  54 30 32 30 35 30 30 61 39 38 30 30 30 30 30 30 30 30 30 30 30 30 32 30 66 61 0d
              0x020500A9  cls=0x00 idx=2 dev=41

    1497.2ms  TX  ──►  [1.3]  54 30 32 30 35 30 30 61 39 38 30 30 30 30 30 30 30 30 30 30 30 30 32 30 66 61 0d
              0x020500A9  cls=0x00 idx=2 dev=41

    1517.6ms  TX  ──►  [1.3]  54 30 32 30 35 30 30 61 39 38 30 30 30 30 30 30 30 30 30 30 30 30 32 30 66 61 0d
              0x020500A9  cls=0x00 idx=2 dev=41

    1537.9ms  TX  ──►  [1.3]  54 30 32 30 35 30 30 61 39 38 30 30 30 30 30 30 30 30 30 30 30 30 32 30 66 61 0d
              0x020500A9  cls=0x00 idx=2 dev=41

    1557.9ms  TX  ──►  [1.3]  54 30 32 30 35 30 30 61 39 38 30 30 30 30 30 30 30 30 30 30 30 30 32 30 66 61 0d
              0x020500A9  cls=0x00 idx=2 dev=41

    1578.8ms  TX  ──►  [1.3]  54 30 32 30 35 30 30 61 39 38 30 30 30 30 30 30 30 30 30 30 30 30 32 30 66 61 0d
              0x020500A9  cls=0x00 idx=2 dev=41

    1598.6ms  TX  ──►  [1.3]  54 30 32 30 35 30 30 61 39 38 30 30 30 30 30 30 30 30 30 30 30 30 32 30 66 61 0d
              0x020500A9  cls=0x00 idx=2 dev=41

    1618.9ms  TX  ──►  [1.3]  54 30 32 30 35 30 30 61 39 38 30 30 30 30 30 30 30 30 30 30 30 30 32 30 66 61 0d
              0x020500A9  cls=0x00 idx=2 dev=41

    1639.9ms  TX  ──►  [1.3]  54 30 32 30 35 30 30 61 39 38 30 30 30 30 30 30 30 30 30 30 30 30 32 30 66 61 0d
              0x020500A9  cls=0x00 idx=2 dev=41

    1660.0ms  TX  ──►  [1.3]  54 30 32 30 35 30 30 61 39 38 30 30 30 30 30 30 30 30 30 30 30 30 32 30 66 61 0d
              0x020500A9  cls=0x00 idx=2 dev=41

    1680.7ms  TX  ──►  [1.3]  54 30 32 30 35 30 30 61 39 38 30 30 30 30 30 30 30 30 30 30 30 30 32 30 66 61 0d
              0x020500A9  cls=0x00 idx=2 dev=41

    1701.2ms  TX  ──►  [1.3]  54 30 32 30 35 30 30 61 39 38 30 30 30 30 30 30 30 30 30 30 30 30 32 30 66 61 0d
              0x020500A9  cls=0x00 idx=2 dev=41

    1721.6ms  TX  ──►  [1.3]  54 30 32 30 35 30 30 61 39 38 30 30 30 30 30 30 30 30 30 30 30 30 32 30 66 61 0d
              0x020500A9  cls=0x00 idx=2 dev=41

    1740.7ms  TX  ──►  [1.3]  54 30 32 30 35 30 30 61 39 38 30 30 30 30 30 30 30 30 30 30 30 30 32 30 66 61 0d
              0x020500A9  cls=0x00 idx=2 dev=41

    1769.9ms  TX  ──►  [1.3]  54 30 32 30 35 30 30 61 39 38 30 30 30 30 30 30 30 30 30 30 30 30 32 30 66 61 0d
              0x020500A9  cls=0x00 idx=2 dev=41

    1798.0ms  TX  ──►  [1.3]  54 30 32 30 35 30 30 61 39 38 30 30 30 30 30 30 30 30 30 30 30 30 32 30 66 61 0d
              0x020500A9  cls=0x00 idx=2 dev=41

    1818.1ms  TX  ──►  [1.3]  54 30 32 30 35 30 30 61 39 38 30 30 30 30 30 30 30 30 30 30 30 30 32 30 66 61 0d
              0x020500A9  cls=0x00 idx=2 dev=41

    1842.1ms  TX  ──►  [1.3]  54 30 32 30 35 30 30 61 39 38 30 30 30 30 30 30 30 30 30 30 30 30 32 30 66 61 0d
              0x020500A9  cls=0x00 idx=2 dev=41

    1870.6ms  TX  ──►  [1.3]  54 30 32 30 35 30 30 61 39 38 30 30 30 30 30 30 30 30 30 30 30 30 32 30 66 61 0d
              0x020500A9  cls=0x00 idx=2 dev=41

    1899.6ms  TX  ──►  [1.3]  54 30 32 30 35 30 30 61 39 38 30 30 30 30 30 30 30 30 30 30 30 30 32 30 66 61 0d
              0x020500A9  cls=0x00 idx=2 dev=41

    1920.4ms  TX  ──►  [1.3]  54 30 32 30 35 30 30 61 39 38 30 30 30 30 30 30 30 30 30 30 30 30 32 30 66 61 0d
              0x020500A9  cls=0x00 idx=2 dev=41

    1947.9ms  TX  ──►  [1.3]  54 30 32 30 35 30 30 61 39 38 30 30 30 30 30 30 30 30 30 30 30 30 32 30 66 61 0d
              0x020500A9  cls=0x00 idx=2 dev=41

    1968.6ms  TX  ──►  [1.3]  54 30 32 30 35 30 30 61 39 38 30 30 30 30 30 30 30 30 30 30 30 30 32 30 66 61 0d
              0x020500A9  cls=0x00 idx=2 dev=41

    1988.0ms  TX  ──►  [1.3]  54 30 32 30 35 30 30 61 39 38 30 30 30 30 30 30 30 30 30 30 30 30 32 30 66 61 0d
              0x020500A9  cls=0x00 idx=2 dev=41

    2016.2ms  TX  ──►  [1.3]  54 30 32 30 35 30 30 61 39 38 30 30 30 30 30 30 30 30 30 30 30 30 32 30 66 61 0d
              0x020500A9  cls=0x00 idx=2 dev=41

    2036.2ms  TX  ──►  [1.3]  54 30 32 30 35 30 30 61 39 38 30 30 30 30 30 30 30 30 30 30 30 30 32 30 66 61 0d
              0x020500A9  cls=0x00 idx=2 dev=41

    2060.7ms  TX  ──►  [1.3]  54 30 32 30 35 30 30 61 39 38 30 30 30 30 30 30 30 30 30 30 30 30 32 30 66 61 0d
              0x020500A9  cls=0x00 idx=2 dev=41

    2089.8ms  TX  ──►  [1.3]  54 30 32 30 35 30 30 61 39 38 30 30 30 30 30 30 30 30 30 30 30 30 32 30 66 61 0d
              0x020500A9  cls=0x00 idx=2 dev=41

    2110.2ms  TX  ──►  [1.3]  54 30 32 30 35 30 30 61 39 38 30 30 30 30 30 30 30 30 30 30 30 30 32 30 66 61 0d
              0x020500A9  cls=0x00 idx=2 dev=41

    2129.9ms  TX  ──►  [1.3]  54 30 32 30 35 30 30 61 39 38 30 30 30 30 30 30 30 30 30 30 30 30 32 30 66 61 0d
              0x020500A9  cls=0x00 idx=2 dev=41

    2150.3ms  TX  ──►  [1.3]  54 30 32 30 35 30 30 61 39 38 30 30 30 30 30 30 30 30 30 30 30 30 32 30 66 61 0d
              0x020500A9  cls=0x00 idx=2 dev=41

    2171.4ms  TX  ──►  [1.3]  54 30 32 30 35 30 30 61 39 38 30 30 30 30 30 30 30 30 30 30 30 30 32 30 66 61 0d
              0x020500A9  cls=0x00 idx=2 dev=41

    2191.5ms  TX  ──►  [1.3]  54 30 32 30 35 30 30 61 39 38 30 30 30 30 30 30 30 30 30 30 30 30 32 30 66 61 0d
              0x020500A9  cls=0x00 idx=2 dev=41

    2211.3ms  TX  ──►  [1.3]  54 30 32 30 35 30 30 61 39 38 30 30 30 30 30 30 30 30 30 30 30 30 32 30 66 61 0d
              0x020500A9  cls=0x00 idx=2 dev=41

    2232.0ms  TX  ──►  [1.3]  54 30 32 30 35 30 30 61 39 38 30 30 30 30 30 30 30 30 30 30 30 30 32 30 66 61 0d
              0x020500A9  cls=0x00 idx=2 dev=41

    2261.9ms  TX  ──►  [1.3]  54 30 32 30 35 30 30 61 39 38 30 30 30 30 30 30 30 30 30 30 30 30 32 30 66 61 0d
              0x020500A9  cls=0x00 idx=2 dev=41

    2298.7ms  TX  ──►  [1.3]  54 30 32 30 35 30 30 61 39 38 30 30 30 30 30 30 30 30 30 30 30 30 32 30 66 61 0d
              0x020500A9  cls=0x00 idx=2 dev=41

    2326.8ms  TX  ──►  [1.3]  54 30 32 30 35 30 30 61 39 38 30 30 30 30 30 30 30 30 30 30 30 30 32 30 66 61 0d
              0x020500A9  cls=0x00 idx=2 dev=41

    2347.1ms  TX  ──►  [1.3]  54 30 32 30 35 30 30 61 39 38 30 30 30 30 30 30 30 30 30 30 30 30 32 30 66 61 0d
              0x020500A9  cls=0x00 idx=2 dev=41

    2375.8ms  TX  ──►  [1.3]  54 30 32 30 35 30 30 61 39 38 30 30 30 30 30 30 30 30 30 30 30 30 32 30 66 61 0d
              0x020500A9  cls=0x00 idx=2 dev=41

    2396.3ms  TX  ──►  [1.3]  54 30 32 30 35 30 30 61 39 38 30 30 30 30 30 30 30 30 30 30 30 30 32 30 66 61 0d
              0x020500A9  cls=0x00 idx=2 dev=41

    2416.6ms  TX  ──►  [1.3]  54 30 32 30 35 30 30 61 39 38 30 30 30 30 30 30 30 30 30 30 30 30 32 30 66 61 0d
              0x020500A9  cls=0x00 idx=2 dev=41

    2437.4ms  TX  ──►  [1.3]  54 30 32 30 35 30 30 61 39 38 30 30 30 30 30 30 30 30 30 30 30 30 32 30 66 61 0d
              0x020500A9  cls=0x00 idx=2 dev=41

    2466.0ms  TX  ──►  [1.3]  54 30 32 30 35 30 30 61 39 38 30 30 30 30 30 30 30 30 30 30 30 30 32 30 66 61 0d
              0x020500A9  cls=0x00 idx=2 dev=41

    2494.7ms  TX  ──►  [1.3]  54 30 32 30 35 30 30 61 39 38 30 30 30 30 30 30 30 30 30 30 30 30 32 30 66 61 0d
              0x020500A9  cls=0x00 idx=2 dev=41

    2515.2ms  TX  ──►  [1.3]  54 30 32 30 35 30 30 61 39 38 30 30 30 30 30 30 30 30 30 30 30 30 32 30 66 61 0d
              0x020500A9  cls=0x00 idx=2 dev=41

    2544.9ms  TX  ──►  [1.3]  54 30 32 30 35 30 30 61 39 38 30 30 30 30 30 30 30 30 30 30 30 30 32 30 66 61 0d
              0x020500A9  cls=0x00 idx=2 dev=41

    2565.1ms  TX  ──►  [1.3]  54 30 32 30 35 30 30 61 39 38 30 30 30 30 30 30 30 30 30 30 30 30 32 30 66 61 0d
              0x020500A9  cls=0x00 idx=2 dev=41

    2597.8ms  TX  ──►  [1.3]  54 30 32 30 35 30 30 61 39 38 31 34 61 65 38 37 33 65 30 30 30 30 30 30 30 30 0d
              0x020500A9  cls=0x00 idx=2 dev=41

    2620.8ms  TX  ──►  [1.3]  54 30 32 30 35 30 30 61 39 38 31 34 61 65 38 37 33 65 30 30 30 30 30 30 30 30 0d
              0x020500A9  cls=0x00 idx=2 dev=41

    2648.0ms  TX  ──►  [1.3]  54 30 32 30 35 30 30 61 39 38 31 34 61 65 38 37 33 65 30 30 30 30 30 30 30 30 0d
              0x020500A9  cls=0x00 idx=2 dev=41

    2675.5ms  TX  ──►  [1.3]  54 30 32 30 35 30 30 61 39 38 31 34 61 65 38 37 33 65 30 30 30 30 30 30 30 30 0d
              0x020500A9  cls=0x00 idx=2 dev=41

    2695.8ms  TX  ──►  [1.3]  54 30 32 30 35 30 30 61 39 38 31 34 61 65 38 37 33 65 30 30 30 30 30 30 30 30 0d
              0x020500A9  cls=0x00 idx=2 dev=41

    2731.4ms  TX  ──►  [1.3]  54 30 32 30 35 30 30 61 39 38 31 34 61 65 38 37 33 65 30 30 30 30 30 30 30 30 0d
              0x020500A9  cls=0x00 idx=2 dev=41

    2753.8ms  TX  ──►  [1.3]  54 30 32 30 35 30 30 61 39 38 31 34 61 65 38 37 33 65 30 30 30 30 30 30 30 30 0d
              0x020500A9  cls=0x00 idx=2 dev=41

    2782.4ms  TX  ──►  [1.3]  54 30 32 30 35 30 30 61 39 38 31 34 61 65 38 37 33 65 30 30 30 30 30 30 30 30 0d
              0x020500A9  cls=0x00 idx=2 dev=41

    2811.2ms  TX  ──►  [1.3]  54 30 32 30 35 30 30 61 39 38 31 34 61 65 38 37 33 65 30 30 30 30 30 30 30 30 0d
              0x020500A9  cls=0x00 idx=2 dev=41

    2837.8ms  TX  ──►  [1.3]  54 30 32 30 35 30 30 61 39 38 31 34 61 65 38 37 33 65 30 30 30 30 30 30 30 30 0d
              0x020500A9  cls=0x00 idx=2 dev=41

    2864.5ms  TX  ──►  [1.3]  54 30 32 30 35 30 30 61 39 38 31 34 61 65 38 37 33 65 30 30 30 30 30 30 30 30 0d
              0x020500A9  cls=0x00 idx=2 dev=41

    2884.8ms  TX  ──►  [1.3]  54 30 32 30 35 30 30 61 39 38 31 34 61 65 38 37 33 65 30 30 30 30 30 30 30 30 0d
              0x020500A9  cls=0x00 idx=2 dev=41

    2904.9ms  TX  ──►  [1.3]  54 30 32 30 35 30 30 61 39 38 31 34 61 65 38 37 33 65 30 30 30 30 30 30 30 30 0d
              0x020500A9  cls=0x00 idx=2 dev=41

    2924.7ms  TX  ──►  [1.3]  54 30 32 30 35 30 30 61 39 38 31 34 61 65 38 37 33 65 30 30 30 30 30 30 30 30 0d
              0x020500A9  cls=0x00 idx=2 dev=41

    2950.9ms  TX  ──►  [1.3]  54 30 32 30 35 30 30 61 39 38 31 34 61 65 38 37 33 65 30 30 30 30 30 30 30 30 0d
              0x020500A9  cls=0x00 idx=2 dev=41

    2974.5ms  TX  ──►  [1.3]  54 30 32 30 35 30 30 61 39 38 31 34 61 65 38 37 33 65 30 30 30 30 30 30 30 30 0d
              0x020500A9  cls=0x00 idx=2 dev=41

    3000.6ms  TX  ──►  [1.3]  54 30 32 30 35 30 30 61 39 38 31 34 61 65 38 37 33 65 30 30 30 30 30 30 30 30 0d
              0x020500A9  cls=0x00 idx=2 dev=41

    3021.3ms  TX  ──►  [1.3]  54 30 32 30 35 30 30 61 39 38 31 34 61 65 38 37 33 65 30 30 30 30 30 30 30 30 0d
              0x020500A9  cls=0x00 idx=2 dev=41

    3048.5ms  TX  ──►  [1.3]  54 30 32 30 35 30 30 61 39 38 31 34 61 65 38 37 33 65 30 30 30 30 30 30 30 30 0d
              0x020500A9  cls=0x00 idx=2 dev=41

    3068.2ms  TX  ──►  [1.3]  54 30 32 30 35 30 30 61 39 38 31 34 61 65 38 37 33 65 30 30 30 30 30 30 30 30 0d
              0x020500A9  cls=0x00 idx=2 dev=41

    3088.0ms  TX  ──►  [1.3]  54 30 32 30 35 30 30 61 39 38 31 34 61 65 38 37 33 65 30 30 30 30 30 30 30 30 0d
              0x020500A9  cls=0x00 idx=2 dev=41

    3113.6ms  TX  ──►  [1.3]  54 30 32 30 35 30 30 61 39 38 31 34 61 65 38 37 33 65 30 30 30 30 30 30 30 30 0d
              0x020500A9  cls=0x00 idx=2 dev=41

    3134.4ms  TX  ──►  [1.3]  54 30 32 30 35 30 30 61 39 38 31 34 61 65 38 37 33 65 30 30 30 30 30 30 30 30 0d
              0x020500A9  cls=0x00 idx=2 dev=41

    3163.3ms  TX  ──►  [1.3]  54 30 32 30 35 30 30 61 39 38 31 34 61 65 38 37 33 65 30 30 30 30 30 30 30 30 0d
              0x020500A9  cls=0x00 idx=2 dev=41

    3197.2ms  TX  ──►  [1.3]  54 30 32 30 35 30 30 61 39 38 31 34 61 65 38 37 33 65 30 30 30 30 30 30 30 30 0d
              0x020500A9  cls=0x00 idx=2 dev=41

    3220.1ms  TX  ──►  [1.3]  54 30 32 30 35 30 30 61 39 38 31 34 61 65 38 37 33 65 30 30 30 30 30 30 30 30 0d
              0x020500A9  cls=0x00 idx=2 dev=41

    3248.4ms  TX  ──►  [1.3]  54 30 32 30 35 30 30 61 39 38 31 34 61 65 38 37 33 65 30 30 30 30 30 30 30 30 0d
              0x020500A9  cls=0x00 idx=2 dev=41

    3283.8ms  TX  ──►  [1.3]  54 30 32 30 35 30 30 61 39 38 31 34 61 65 38 37 33 65 30 30 30 30 30 30 30 30 0d
              0x020500A9  cls=0x00 idx=2 dev=41

    3315.0ms  TX  ──►  [1.3]  54 30 32 30 35 30 30 61 39 38 31 34 61 65 38 37 33 65 30 30 30 30 30 30 30 30 0d
              0x020500A9  cls=0x00 idx=2 dev=41

    3344.3ms  TX  ──►  [1.3]  54 30 32 30 35 30 30 61 39 38 31 34 61 65 38 37 33 65 30 30 30 30 30 30 30 30 0d
              0x020500A9  cls=0x00 idx=2 dev=41

    3365.3ms  TX  ──►  [1.3]  54 30 32 30 35 30 30 61 39 38 31 34 61 65 38 37 33 65 30 30 30 30 30 30 30 30 0d
              0x020500A9  cls=0x00 idx=2 dev=41

    3394.2ms  TX  ──►  [1.3]  54 30 32 30 35 30 30 61 39 38 31 34 61 65 38 37 33 65 30 30 30 30 30 30 30 30 0d
              0x020500A9  cls=0x00 idx=2 dev=41

    3414.4ms  TX  ──►  [1.3]  54 30 32 30 35 30 30 61 39 38 31 34 61 65 38 37 33 65 30 30 30 30 30 30 30 30 0d
              0x020500A9  cls=0x00 idx=2 dev=41

    3439.0ms  TX  ──►  [1.3]  54 30 32 30 35 30 30 61 39 38 31 34 61 65 38 37 33 65 30 30 30 30 30 30 30 30 0d
              0x020500A9  cls=0x00 idx=2 dev=41

    3463.6ms  TX  ──►  [1.3]  54 30 32 30 35 30 30 61 39 38 31 34 61 65 38 37 33 65 30 30 30 30 30 30 30 30 0d
              0x020500A9  cls=0x00 idx=2 dev=41

    3498.4ms  TX  ──►  [1.3]  54 30 32 30 35 30 30 61 39 38 31 34 61 65 38 37 33 65 30 30 30 30 30 30 30 30 0d
              0x020500A9  cls=0x00 idx=2 dev=41

    3518.8ms  TX  ──►  [1.3]  54 30 32 30 35 30 30 61 39 38 31 34 61 65 38 37 33 65 30 30 30 30 30 30 30 30 0d
              0x020500A9  cls=0x00 idx=2 dev=41

    3539.4ms  TX  ──►  [1.3]  54 30 32 30 35 30 30 61 39 38 31 34 61 65 38 37 33 65 30 30 30 30 30 30 30 30 0d
              0x020500A9  cls=0x00 idx=2 dev=41

    3559.8ms  TX  ──►  [1.3]  54 30 32 30 35 30 30 61 39 38 31 34 61 65 38 37 33 65 30 30 30 30 30 30 30 30 0d
              0x020500A9  cls=0x00 idx=2 dev=41

    3587.6ms  TX  ──►  [1.3]  54 30 32 30 35 30 30 61 39 38 31 34 61 65 38 37 33 65 30 30 30 30 30 30 30 30 0d
              0x020500A9  cls=0x00 idx=2 dev=41

    3608.3ms  TX  ──►  [1.3]  54 30 32 30 35 30 30 61 39 38 31 34 61 65 38 37 33 65 30 30 30 30 30 30 30 30 0d
              0x020500A9  cls=0x00 idx=2 dev=41

    3627.9ms  TX  ──►  [1.3]  54 30 32 30 35 30 30 61 39 38 31 34 61 65 38 37 33 65 30 30 30 30 30 30 30 30 0d
              0x020500A9  cls=0x00 idx=2 dev=41

    3648.1ms  TX  ──►  [1.3]  54 30 32 30 35 30 30 61 39 38 31 34 61 65 38 37 33 65 30 30 30 30 30 30 30 30 0d
              0x020500A9  cls=0x00 idx=2 dev=41

    3678.4ms  TX  ──►  [1.3]  54 30 32 30 35 30 30 61 39 38 31 34 61 65 38 37 33 65 30 30 30 30 30 30 30 30 0d
              0x020500A9  cls=0x00 idx=2 dev=41

    3698.3ms  TX  ──►  [1.3]  54 30 32 30 35 30 30 61 39 38 31 34 61 65 38 37 33 65 30 30 30 30 30 30 30 30 0d
              0x020500A9  cls=0x00 idx=2 dev=41

    3717.9ms  TX  ──►  [1.3]  54 30 32 30 35 30 30 61 39 38 31 34 61 65 38 37 33 65 30 30 30 30 30 30 30 30 0d
              0x020500A9  cls=0x00 idx=2 dev=41

    3737.5ms  TX  ──►  [1.3]  54 30 32 30 35 30 30 61 39 38 31 34 61 65 38 37 33 65 30 30 30 30 30 30 30 30 0d
              0x020500A9  cls=0x00 idx=2 dev=41

    3767.9ms  TX  ──►  [1.3]  54 30 32 30 35 30 30 61 39 38 31 34 61 65 38 37 33 65 30 30 30 30 30 30 30 30 0d
              0x020500A9  cls=0x00 idx=2 dev=41

    3788.0ms  TX  ──►  [1.3]  54 30 32 30 35 30 30 61 39 38 31 34 61 65 38 37 33 65 30 30 30 30 30 30 30 30 0d
              0x020500A9  cls=0x00 idx=2 dev=41

    3811.7ms  TX  ──►  [1.3]  54 30 32 30 35 30 30 61 39 38 31 34 61 65 38 37 33 65 30 30 30 30 30 30 30 30 0d
              0x020500A9  cls=0x00 idx=2 dev=41

    3836.6ms  TX  ──►  [1.3]  54 30 32 30 35 30 30 61 39 38 31 34 61 65 38 37 33 65 30 30 30 30 30 30 30 30 0d
              0x020500A9  cls=0x00 idx=2 dev=41

    3858.9ms  TX  ──►  [1.3]  54 30 32 30 35 30 30 61 39 38 31 34 61 65 38 37 33 65 30 30 30 30 30 30 30 30 0d
              0x020500A9  cls=0x00 idx=2 dev=41

    3879.4ms  TX  ──►  [1.3]  54 30 32 30 35 30 30 61 39 38 31 34 61 65 38 37 33 65 30 30 30 30 30 30 30 30 0d
              0x020500A9  cls=0x00 idx=2 dev=41

    3899.8ms  TX  ──►  [1.3]  54 30 32 30 35 30 30 61 39 38 31 34 61 65 38 37 33 65 30 30 30 30 30 30 30 30 0d
              0x020500A9  cls=0x00 idx=2 dev=41

    3929.6ms  TX  ──►  [1.3]  54 30 32 30 35 30 30 61 39 38 31 34 61 65 38 37 33 65 30 30 30 30 30 30 30 30 0d
              0x020500A9  cls=0x00 idx=2 dev=41

    3950.4ms  TX  ──►  [1.3]  54 30 32 30 35 30 30 61 39 38 31 34 61 65 38 37 33 65 30 30 30 30 30 30 30 30 0d
              0x020500A9  cls=0x00 idx=2 dev=41

    3970.7ms  TX  ──►  [1.3]  54 30 32 30 35 30 30 61 39 38 31 34 61 65 38 37 33 65 30 30 30 30 30 30 30 30 0d
              0x020500A9  cls=0x00 idx=2 dev=41

    3990.7ms  TX  ──►  [1.3]  54 30 32 30 35 30 30 61 39 38 31 34 61 65 38 37 33 65 30 30 30 30 30 30 30 30 0d
              0x020500A9  cls=0x00 idx=2 dev=41

    4010.9ms  TX  ──►  [1.3]  54 30 32 30 35 30 30 61 39 38 31 34 61 65 38 37 33 65 30 30 30 30 30 30 30 30 0d
              0x020500A9  cls=0x00 idx=2 dev=41

    4031.6ms  TX  ──►  [1.3]  54 30 32 30 35 30 30 61 39 38 31 34 61 65 38 37 33 65 30 30 30 30 30 30 30 30 0d
              0x020500A9  cls=0x00 idx=2 dev=41

    4051.2ms  TX  ──►  [1.3]  54 30 32 30 35 30 30 61 39 38 31 34 61 65 38 37 33 65 30 30 30 30 30 30 30 30 0d
              0x020500A9  cls=0x00 idx=2 dev=41

    4071.5ms  TX  ──►  [1.3]  54 30 32 30 35 30 30 61 39 38 31 34 61 65 38 37 33 65 30 30 30 30 30 30 30 30 0d
              0x020500A9  cls=0x00 idx=2 dev=41

    4092.0ms  TX  ──►  [1.3]  54 30 32 30 35 30 30 61 39 38 31 34 61 65 38 37 33 65 30 30 30 30 30 30 30 30 0d
              0x020500A9  cls=0x00 idx=2 dev=41

    4112.0ms  TX  ──►  [1.3]  54 30 32 30 35 30 30 61 39 38 31 34 61 65 38 37 33 65 30 30 30 30 30 30 30 30 0d
              0x020500A9  cls=0x00 idx=2 dev=41

    4132.2ms  TX  ──►  [1.3]  54 30 32 30 35 30 30 61 39 38 31 34 61 65 38 37 33 65 30 30 30 30 30 30 30 30 0d
              0x020500A9  cls=0x00 idx=2 dev=41

    4153.1ms  TX  ──►  [1.3]  54 30 32 30 35 30 30 61 39 38 31 34 61 65 38 37 33 65 30 30 30 30 30 30 30 30 0d
              0x020500A9  cls=0x00 idx=2 dev=41

    4173.2ms  TX  ──►  [1.3]  54 30 32 30 35 30 30 61 39 38 31 34 61 65 38 37 33 65 30 30 30 30 30 30 30 30 0d
              0x020500A9  cls=0x00 idx=2 dev=41

    4193.4ms  TX  ──►  [1.3]  54 30 32 30 35 30 30 61 39 38 31 34 61 65 38 37 33 65 30 30 30 30 30 30 30 30 0d
              0x020500A9  cls=0x00 idx=2 dev=41

    4214.1ms  TX  ──►  [1.3]  54 30 32 30 35 30 30 61 39 38 31 34 61 65 38 37 33 65 30 30 30 30 30 30 30 30 0d
              0x020500A9  cls=0x00 idx=2 dev=41

    4234.0ms  TX  ──►  [1.3]  54 30 32 30 35 30 30 61 39 38 31 34 61 65 38 37 33 65 30 30 30 30 30 30 30 30 0d
              0x020500A9  cls=0x00 idx=2 dev=41

    4254.6ms  TX  ──►  [1.3]  54 30 32 30 35 30 30 61 39 38 31 34 61 65 38 37 33 65 30 30 30 30 30 30 30 30 0d
              0x020500A9  cls=0x00 idx=2 dev=41

    4275.4ms  TX  ──►  [1.3]  54 30 32 30 35 30 30 61 39 38 31 34 61 65 38 37 33 65 30 30 30 30 30 30 30 30 0d
              0x020500A9  cls=0x00 idx=2 dev=41

    4295.6ms  TX  ──►  [1.3]  54 30 32 30 35 30 30 61 39 38 31 34 61 65 38 37 33 65 30 30 30 30 30 30 30 30 0d
              0x020500A9  cls=0x00 idx=2 dev=41

    4316.1ms  TX  ──►  [1.3]  54 30 32 30 35 30 30 61 39 38 31 34 61 65 38 37 33 65 30 30 30 30 30 30 30 30 0d
              0x020500A9  cls=0x00 idx=2 dev=41

    4336.8ms  TX  ──►  [1.3]  54 30 32 30 35 30 30 61 39 38 31 34 61 65 38 37 33 65 30 30 30 30 30 30 30 30 0d
              0x020500A9  cls=0x00 idx=2 dev=41

    4356.9ms  TX  ──►  [1.3]  54 30 32 30 35 30 30 61 39 38 31 34 61 65 38 37 33 65 30 30 30 30 30 30 30 30 0d
              0x020500A9  cls=0x00 idx=2 dev=41

    4377.0ms  TX  ──►  [1.3]  54 30 32 30 35 30 30 61 39 38 31 34 61 65 38 37 33 65 30 30 30 30 30 30 30 30 0d
              0x020500A9  cls=0x00 idx=2 dev=41

    4398.0ms  TX  ──►  [1.3]  54 30 32 30 35 30 30 61 39 38 31 34 61 65 38 37 33 65 30 30 30 30 30 30 30 30 0d
              0x020500A9  cls=0x00 idx=2 dev=41

    4418.6ms  TX  ──►  [1.3]  54 30 32 30 35 30 30 61 39 38 31 34 61 65 38 37 33 65 30 30 30 30 30 30 30 30 0d
              0x020500A9  cls=0x00 idx=2 dev=41

    4438.8ms  TX  ──►  [1.3]  54 30 32 30 35 30 30 61 39 38 31 34 61 65 38 37 33 65 30 30 30 30 30 30 30 30 0d
              0x020500A9  cls=0x00 idx=2 dev=41

    4459.9ms  TX  ──►  [1.3]  54 30 32 30 35 30 30 61 39 38 31 34 61 65 38 37 33 65 30 30 30 30 30 30 30 30 0d
              0x020500A9  cls=0x00 idx=2 dev=41

    4480.2ms  TX  ──►  [1.3]  54 30 32 30 35 30 30 61 39 38 31 34 61 65 38 37 33 65 30 30 30 30 30 30 30 30 0d
              0x020500A9  cls=0x00 idx=2 dev=41

    4500.3ms  TX  ──►  [1.3]  54 30 32 30 35 30 30 61 39 38 31 34 61 65 38 37 33 65 30 30 30 30 30 30 30 30 0d
              0x020500A9  cls=0x00 idx=2 dev=41

    4521.0ms  TX  ──►  [1.3]  54 30 32 30 35 30 30 61 39 38 31 34 61 65 38 37 33 65 30 30 30 30 30 30 30 30 0d
              0x020500A9  cls=0x00 idx=2 dev=41

    4540.8ms  TX  ──►  [1.3]  54 30 32 30 35 30 30 61 39 38 31 34 61 65 38 37 33 65 30 30 30 30 30 30 30 30 0d
              0x020500A9  cls=0x00 idx=2 dev=41

    4561.0ms  TX  ──►  [1.3]  54 30 32 30 35 30 30 61 39 38 31 34 61 65 38 37 33 65 30 30 30 30 30 30 30 30 0d
              0x020500A9  cls=0x00 idx=2 dev=41

    4581.5ms  TX  ──►  [1.3]  54 30 32 30 35 30 30 61 39 38 31 34 61 65 38 37 33 65 30 30 30 30 30 30 30 30 0d
              0x020500A9  cls=0x00 idx=2 dev=41

    4601.4ms  TX  ──►  [1.3]  54 30 32 30 35 30 30 61 39 38 31 34 61 65 38 37 33 65 30 30 30 30 30 30 30 30 0d
              0x020500A9  cls=0x00 idx=2 dev=41

    4621.6ms  TX  ──►  [1.3]  54 30 32 30 35 30 30 61 39 38 31 34 61 65 38 37 33 65 30 30 30 30 30 30 30 30 0d
              0x020500A9  cls=0x00 idx=2 dev=41

    4642.1ms  TX  ──►  [1.3]  54 30 32 30 35 30 30 61 39 38 31 34 61 65 38 37 33 65 30 30 30 30 30 30 30 30 0d
              0x020500A9  cls=0x00 idx=2 dev=41

    4662.2ms  TX  ──►  [1.3]  54 30 32 30 35 30 30 61 39 38 31 34 61 65 38 37 33 65 30 30 30 30 30 30 30 30 0d
              0x020500A9  cls=0x00 idx=2 dev=41

    4682.6ms  TX  ──►  [1.3]  54 30 32 30 35 30 30 61 39 38 31 34 61 65 38 37 33 65 30 30 30 30 30 30 30 30 0d
              0x020500A9  cls=0x00 idx=2 dev=41

    4703.0ms  TX  ──►  [1.3]  54 30 32 30 35 30 30 61 39 38 31 34 61 65 38 37 33 65 30 30 30 30 30 30 30 30 0d
              0x020500A9  cls=0x00 idx=2 dev=41

    4723.2ms  TX  ──►  [1.3]  54 30 32 30 35 30 30 61 39 38 31 34 61 65 38 37 33 65 30 30 30 30 30 30 30 30 0d
              0x020500A9  cls=0x00 idx=2 dev=41

    4750.9ms  TX  ──►  [1.3]  54 30 32 30 35 30 30 61 39 38 31 34 61 65 38 37 33 65 30 30 30 30 30 30 30 30 0d
              0x020500A9  cls=0x00 idx=2 dev=41

    4775.2ms  TX  ──►  [1.3]  54 30 32 30 35 30 30 61 39 38 31 34 61 65 38 37 33 65 30 30 30 30 33 38 36 34 0d
              0x020500A9  cls=0x00 idx=2 dev=41

    4795.4ms  TX  ──►  [1.3]  54 30 32 30 35 30 30 61 39 38 31 34 61 65 38 37 33 65 30 30 30 30 33 38 36 34 0d
              0x020500A9  cls=0x00 idx=2 dev=41

    4814.9ms  TX  ──►  [1.3]  54 30 32 30 35 30 30 61 39 38 31 34 61 65 38 37 33 65 30 30 30 30 33 38 36 34 0d
              0x020500A9  cls=0x00 idx=2 dev=41

    4841.7ms  TX  ──►  [1.3]  54 30 32 30 35 30 30 61 39 38 31 34 61 65 38 37 33 65 30 30 30 30 33 38 36 34 0d
              0x020500A9  cls=0x00 idx=2 dev=41

    4870.2ms  TX  ──►  [1.3]  54 30 32 30 35 30 30 61 39 38 31 34 61 65 38 37 33 65 30 30 30 30 33 38 36 34 0d
              0x020500A9  cls=0x00 idx=2 dev=41

    4896.7ms  TX  ──►  [1.3]  54 30 32 30 35 30 30 61 39 38 31 34 61 65 38 37 33 65 30 30 30 30 33 38 36 34 0d
              0x020500A9  cls=0x00 idx=2 dev=41

    4921.7ms  TX  ──►  [1.3]  54 30 32 30 35 30 30 61 39 38 31 34 61 65 38 37 33 65 30 30 30 30 33 38 36 34 0d
              0x020500A9  cls=0x00 idx=2 dev=41

    4947.2ms  TX  ──►  [1.3]  54 30 32 30 35 30 30 61 39 38 31 34 61 65 38 37 33 65 30 30 30 30 33 38 36 34 0d
              0x020500A9  cls=0x00 idx=2 dev=41

    4983.7ms  TX  ──►  [1.3]  54 30 32 30 35 30 30 61 39 38 31 34 61 65 38 37 33 65 30 30 30 30 33 38 36 34 0d
              0x020500A9  cls=0x00 idx=2 dev=41

    5003.9ms  TX  ──►  [1.3]  54 30 32 30 35 30 30 61 39 38 31 34 61 65 38 37 33 65 30 30 30 30 33 38 36 34 0d
              0x020500A9  cls=0x00 idx=2 dev=41

    5031.7ms  TX  ──►  [1.3]  54 30 32 30 35 30 30 61 39 38 31 34 61 65 38 37 33 65 30 30 30 30 33 38 36 34 0d
              0x020500A9  cls=0x00 idx=2 dev=41

    5061.7ms  TX  ──►  [1.3]  54 30 32 30 35 30 30 61 39 38 31 34 61 65 38 37 33 65 30 30 30 30 33 38 36 34 0d
              0x020500A9  cls=0x00 idx=2 dev=41

    5081.5ms  TX  ──►  [1.3]  54 30 32 30 35 30 30 61 39 38 31 34 61 65 38 37 33 65 30 30 30 30 33 38 36 34 0d
              0x020500A9  cls=0x00 idx=2 dev=41

    5109.3ms  TX  ──►  [1.3]  54 30 32 30 35 30 30 61 39 38 31 34 61 65 38 37 33 65 30 30 30 30 33 38 36 34 0d
              0x020500A9  cls=0x00 idx=2 dev=41

    5130.1ms  TX  ──►  [1.3]  54 30 32 30 35 30 30 61 39 38 31 34 61 65 38 37 33 65 30 30 30 30 33 38 36 34 0d
              0x020500A9  cls=0x00 idx=2 dev=41

    5158.2ms  TX  ──►  [1.3]  54 30 32 30 35 30 30 61 39 38 31 34 61 65 38 37 33 65 30 30 30 30 33 38 36 34 0d
              0x020500A9  cls=0x00 idx=2 dev=41

    5177.8ms  TX  ──►  [1.3]  54 30 32 30 35 30 30 61 39 38 31 34 61 65 38 37 33 65 30 30 30 30 33 38 36 34 0d
              0x020500A9  cls=0x00 idx=2 dev=41

    5198.0ms  TX  ──►  [1.3]  54 30 32 30 35 30 30 61 39 38 31 34 61 65 38 37 33 65 30 30 30 30 33 38 36 34 0d
              0x020500A9  cls=0x00 idx=2 dev=41

    5217.9ms  TX  ──►  [1.3]  54 30 32 30 35 30 30 61 39 38 31 34 61 65 38 37 33 65 30 30 30 30 33 38 36 34 0d
              0x020500A9  cls=0x00 idx=2 dev=41

    5237.9ms  TX  ──►  [1.3]  54 30 32 30 35 30 30 61 39 38 31 34 61 65 38 37 33 65 30 30 30 30 33 38 36 34 0d
              0x020500A9  cls=0x00 idx=2 dev=41

    5258.9ms  TX  ──►  [1.3]  54 30 32 30 35 30 30 61 39 38 31 34 61 65 38 37 33 65 30 30 30 30 33 38 36 34 0d
              0x020500A9  cls=0x00 idx=2 dev=41

    5279.4ms  TX  ──►  [1.3]  54 30 32 30 35 30 30 61 39 38 31 34 61 65 38 37 33 65 30 30 30 30 33 38 36 34 0d
              0x020500A9  cls=0x00 idx=2 dev=41

    5308.6ms  TX  ──►  [1.3]  54 30 32 30 35 30 30 61 39 38 31 34 61 65 38 37 33 65 30 30 30 30 33 38 36 34 0d
              0x020500A9  cls=0x00 idx=2 dev=41

    5328.6ms  TX  ──►  [1.3]  54 30 32 30 35 30 30 61 39 38 31 34 61 65 38 37 33 65 30 30 30 30 33 38 36 34 0d
              0x020500A9  cls=0x00 idx=2 dev=41

    5358.5ms  TX  ──►  [1.3]  54 30 32 30 35 30 30 61 39 38 31 34 61 65 38 37 33 65 30 30 30 30 33 38 36 34 0d
              0x020500A9  cls=0x00 idx=2 dev=41

    5379.4ms  TX  ──►  [1.3]  54 30 32 30 35 30 30 61 39 38 31 34 61 65 38 37 33 65 30 30 30 30 33 38 36 34 0d
              0x020500A9  cls=0x00 idx=2 dev=41

    5400.5ms  TX  ──►  [1.3]  54 30 32 30 35 30 30 61 39 38 31 34 61 65 38 37 33 65 30 30 30 30 33 38 36 34 0d
              0x020500A9  cls=0x00 idx=2 dev=41

    5420.8ms  TX  ──►  [1.3]  54 30 32 30 35 30 30 61 39 38 31 34 61 65 38 37 33 65 30 30 30 30 33 38 36 34 0d
              0x020500A9  cls=0x00 idx=2 dev=41

    5441.3ms  TX  ──►  [1.3]  54 30 32 30 35 30 30 61 39 38 31 34 61 65 38 37 33 65 30 30 30 30 33 38 36 34 0d
              0x020500A9  cls=0x00 idx=2 dev=41

    5462.2ms  TX  ──►  [1.3]  54 30 32 30 35 30 30 61 39 38 31 34 61 65 38 37 33 65 30 30 30 30 33 38 36 34 0d
              0x020500A9  cls=0x00 idx=2 dev=41

    5492.1ms  TX  ──►  [1.3]  54 30 32 30 35 30 30 61 39 38 31 34 61 65 38 37 33 65 30 30 30 30 33 38 36 34 0d
              0x020500A9  cls=0x00 idx=2 dev=41

    5512.3ms  TX  ──►  [1.3]  54 30 32 30 35 30 30 61 39 38 31 34 61 65 38 37 33 65 30 30 30 30 33 38 36 34 0d
              0x020500A9  cls=0x00 idx=2 dev=41

    5532.9ms  TX  ──►  [1.3]  54 30 32 30 35 30 30 61 39 38 31 34 61 65 38 37 33 65 30 30 30 30 33 38 36 34 0d
              0x020500A9  cls=0x00 idx=2 dev=41

    5553.9ms  TX  ──►  [1.3]  54 30 32 30 35 30 30 61 39 38 31 34 61 65 38 37 33 65 30 30 30 30 33 38 36 34 0d
              0x020500A9  cls=0x00 idx=2 dev=41

    5581.8ms  TX  ──►  [1.3]  54 30 32 30 35 30 30 61 39 38 31 34 61 65 38 37 33 65 30 30 30 30 33 38 36 34 0d
              0x020500A9  cls=0x00 idx=2 dev=41

    5601.6ms  TX  ──►  [1.3]  54 30 32 30 35 30 30 61 39 38 31 34 61 65 38 37 33 65 30 30 30 30 33 38 36 34 0d
              0x020500A9  cls=0x00 idx=2 dev=41

    5621.1ms  TX  ──►  [1.3]  54 30 32 30 35 30 30 61 39 38 31 34 61 65 38 37 33 65 30 30 30 30 33 38 36 34 0d
              0x020500A9  cls=0x00 idx=2 dev=41

    5642.0ms  TX  ──►  [1.3]  54 30 32 30 35 30 30 61 39 38 31 34 61 65 38 37 33 65 30 30 30 30 33 38 36 34 0d
              0x020500A9  cls=0x00 idx=2 dev=41

    5662.4ms  TX  ──►  [1.3]  54 30 32 30 35 30 30 61 39 38 31 34 61 65 38 37 33 65 30 30 30 30 33 38 36 34 0d
              0x020500A9  cls=0x00 idx=2 dev=41

    5682.9ms  TX  ──►  [1.3]  54 30 32 30 35 30 30 61 39 38 31 34 61 65 38 37 33 65 30 30 30 30 33 38 36 34 0d
              0x020500A9  cls=0x00 idx=2 dev=41

    5704.0ms  TX  ──►  [1.3]  54 30 32 30 35 30 30 61 39 38 31 34 61 65 38 37 33 65 30 30 30 30 33 38 36 34 0d
              0x020500A9  cls=0x00 idx=2 dev=41

    5734.2ms  TX  ──►  [1.3]  54 30 32 30 35 30 30 61 39 38 31 34 61 65 38 37 33 65 30 30 30 30 33 38 36 34 0d
              0x020500A9  cls=0x00 idx=2 dev=41

    5764.2ms  TX  ──►  [1.3]  54 30 32 30 35 30 30 61 39 38 31 34 61 65 38 37 33 65 30 30 30 30 33 38 36 34 0d
              0x020500A9  cls=0x00 idx=2 dev=41

    5794.1ms  TX  ──►  [1.3]  54 30 32 30 35 30 30 61 39 38 31 34 61 65 38 37 33 65 30 30 30 30 33 38 36 34 0d
              0x020500A9  cls=0x00 idx=2 dev=41

    5814.0ms  TX  ──►  [1.3]  54 30 32 30 35 30 30 61 39 38 31 34 61 65 38 37 33 65 30 30 30 30 33 38 36 34 0d
              0x020500A9  cls=0x00 idx=2 dev=41

    5844.0ms  TX  ──►  [1.3]  54 30 32 30 35 30 30 61 39 38 31 34 61 65 38 37 33 65 30 30 30 30 33 38 36 34 0d
              0x020500A9  cls=0x00 idx=2 dev=41

    5864.2ms  TX  ──►  [1.3]  54 30 32 30 35 30 30 61 39 38 31 34 61 65 38 37 33 65 30 30 30 30 33 38 36 34 0d
              0x020500A9  cls=0x00 idx=2 dev=41

    5884.8ms  TX  ──►  [1.3]  54 30 32 30 35 30 30 61 39 38 31 34 61 65 38 37 33 65 30 30 30 30 33 38 36 34 0d
              0x020500A9  cls=0x00 idx=2 dev=41

    5904.6ms  TX  ──►  [1.3]  54 30 32 30 35 30 30 61 39 38 31 34 61 65 38 37 33 65 30 30 30 30 33 38 36 34 0d
              0x020500A9  cls=0x00 idx=2 dev=41

    5925.1ms  TX  ──►  [1.3]  54 30 32 30 35 30 30 61 39 38 31 34 61 65 38 37 33 65 30 30 30 30 33 38 36 34 0d
              0x020500A9  cls=0x00 idx=2 dev=41

    5945.9ms  TX  ──►  [1.3]  54 30 32 30 35 30 30 61 39 38 31 34 61 65 38 37 33 65 30 30 30 30 33 38 36 34 0d
              0x020500A9  cls=0x00 idx=2 dev=41

    5975.6ms  TX  ──►  [1.3]  54 30 32 30 35 30 30 61 39 38 31 34 61 65 38 37 33 65 30 30 30 30 33 38 36 34 0d
              0x020500A9  cls=0x00 idx=2 dev=41

    5995.4ms  TX  ──►  [1.3]  54 30 32 30 35 30 30 61 39 38 31 34 61 65 38 37 33 65 30 30 30 30 33 38 36 34 0d
              0x020500A9  cls=0x00 idx=2 dev=41

    6015.0ms  TX  ──►  [1.3]  54 30 32 30 35 30 30 61 39 38 31 34 61 65 38 37 33 65 30 30 30 30 33 38 36 34 0d
              0x020500A9  cls=0x00 idx=2 dev=41

    6036.0ms  TX  ──►  [1.3]  54 30 32 30 35 30 30 61 39 38 31 34 61 65 38 37 33 65 30 30 30 30 33 38 36 34 0d
              0x020500A9  cls=0x00 idx=2 dev=41

    6065.5ms  TX  ──►  [1.3]  54 30 32 30 35 30 30 61 39 38 31 34 61 65 38 37 33 65 30 30 30 30 33 38 36 34 0d
              0x020500A9  cls=0x00 idx=2 dev=41

    6085.6ms  TX  ──►  [1.3]  54 30 32 30 35 30 30 61 39 38 31 34 61 65 38 37 33 65 30 30 30 30 33 38 36 34 0d
              0x020500A9  cls=0x00 idx=2 dev=41

    6114.6ms  TX  ──►  [1.3]  54 30 32 30 35 30 30 61 39 38 31 34 61 65 38 37 33 65 30 30 30 30 33 38 36 34 0d
              0x020500A9  cls=0x00 idx=2 dev=41

    6134.8ms  TX  ──►  [1.3]  54 30 32 30 35 30 30 61 39 38 31 34 61 65 38 37 33 65 30 30 30 30 33 38 36 34 0d
              0x020500A9  cls=0x00 idx=2 dev=41

    6164.7ms  TX  ──►  [1.3]  54 30 32 30 35 30 30 61 39 38 31 34 61 65 38 37 33 65 30 30 30 30 33 38 36 34 0d
              0x020500A9  cls=0x00 idx=2 dev=41

    6185.6ms  TX  ──►  [1.3]  54 30 32 30 35 30 30 61 39 38 31 34 61 65 38 37 33 65 30 30 30 30 33 38 36 34 0d
              0x020500A9  cls=0x00 idx=2 dev=41

    6215.2ms  TX  ──►  [1.3]  54 30 32 30 35 30 30 61 39 38 31 34 61 65 38 37 33 65 30 30 30 30 33 38 36 34 0d
              0x020500A9  cls=0x00 idx=2 dev=41

    6235.0ms  TX  ──►  [1.3]  54 30 32 30 35 30 30 61 39 38 31 34 61 65 38 37 33 65 30 30 30 30 33 38 36 34 0d
              0x020500A9  cls=0x00 idx=2 dev=41

    6264.9ms  TX  ──►  [1.3]  54 30 32 30 35 30 30 61 39 38 31 34 61 65 38 37 33 65 30 30 30 30 33 38 36 34 0d
              0x020500A9  cls=0x00 idx=2 dev=41

    6285.7ms  TX  ──►  [1.3]  54 30 32 30 35 30 30 61 39 38 31 34 61 65 38 37 33 65 30 30 30 30 33 38 36 34 0d
              0x020500A9  cls=0x00 idx=2 dev=41

    6315.3ms  TX  ──►  [1.3]  54 30 32 30 35 30 30 61 39 38 31 34 61 65 38 37 33 65 30 30 30 30 33 38 36 34 0d
              0x020500A9  cls=0x00 idx=2 dev=41

    6334.9ms  TX  ──►  [1.3]  54 30 32 30 35 30 30 61 39 38 31 34 61 65 38 37 33 65 30 30 30 30 33 38 36 34 0d
              0x020500A9  cls=0x00 idx=2 dev=41

    6364.9ms  TX  ──►  [1.3]  54 30 32 30 35 30 30 61 39 38 31 34 61 65 38 37 33 65 30 30 30 30 33 38 36 34 0d
              0x020500A9  cls=0x00 idx=2 dev=41

    6385.3ms  TX  ──►  [1.3]  54 30 32 30 35 30 30 61 39 38 31 34 61 65 38 37 33 65 30 30 30 30 33 38 36 34 0d
              0x020500A9  cls=0x00 idx=2 dev=41

    6404.8ms  TX  ──►  [1.3]  54 30 32 30 35 30 30 61 39 38 31 34 61 65 38 37 33 65 30 30 30 30 33 38 36 34 0d
              0x020500A9  cls=0x00 idx=2 dev=41

    6425.3ms  TX  ──►  [1.3]  54 30 32 30 35 30 30 61 39 38 31 34 61 65 38 37 33 65 30 30 30 30 33 38 36 34 0d
              0x020500A9  cls=0x00 idx=2 dev=41

    6445.7ms  TX  ──►  [1.3]  54 30 32 30 35 30 30 61 39 38 31 34 61 65 38 37 33 65 30 30 30 30 33 38 36 34 0d
              0x020500A9  cls=0x00 idx=2 dev=41

    6475.0ms  TX  ──►  [1.3]  54 30 32 30 35 30 30 61 39 38 31 34 61 65 38 37 33 65 30 30 30 30 33 38 36 34 0d
              0x020500A9  cls=0x00 idx=2 dev=41

    6496.2ms  TX  ──►  [1.3]  54 30 32 30 35 30 30 61 39 38 31 34 61 65 38 37 33 65 30 30 30 30 33 38 36 34 0d
              0x020500A9  cls=0x00 idx=2 dev=41

    6525.5ms  TX  ──►  [1.3]  54 30 32 30 35 30 30 61 39 38 31 34 61 65 38 37 33 65 30 30 30 30 33 38 36 34 0d
              0x020500A9  cls=0x00 idx=2 dev=41

    6545.2ms  TX  ──►  [1.3]  54 30 32 30 35 30 30 61 39 38 31 34 61 65 38 37 33 65 30 30 30 30 33 38 36 34 0d
              0x020500A9  cls=0x00 idx=2 dev=41

    6564.7ms  TX  ──►  [1.3]  54 30 32 30 35 30 30 61 39 38 31 34 61 65 38 37 33 65 30 30 30 30 33 38 36 34 0d
              0x020500A9  cls=0x00 idx=2 dev=41

    6585.1ms  TX  ──►  [1.3]  54 30 32 30 35 30 30 61 39 38 31 34 61 65 38 37 33 65 30 30 30 30 33 38 36 34 0d
              0x020500A9  cls=0x00 idx=2 dev=41

    6605.6ms  TX  ──►  [1.3]  54 30 32 30 35 30 30 61 39 38 31 34 61 65 38 37 33 65 30 30 30 30 33 38 36 34 0d
              0x020500A9  cls=0x00 idx=2 dev=41

    6626.4ms  TX  ──►  [1.3]  54 30 32 30 35 30 30 61 39 38 31 34 61 65 38 37 33 65 30 30 30 30 33 38 36 34 0d
              0x020500A9  cls=0x00 idx=2 dev=41

    6646.8ms  TX  ──►  [1.3]  54 30 32 30 35 30 30 61 39 38 31 34 61 65 38 37 33 65 30 30 30 30 33 38 36 34 0d
              0x020500A9  cls=0x00 idx=2 dev=41

    6675.5ms  TX  ──►  [1.3]  54 30 32 30 35 30 30 61 39 38 31 34 61 65 38 37 33 65 30 30 30 30 33 38 36 34 0d
              0x020500A9  cls=0x00 idx=2 dev=41

    6695.6ms  TX  ──►  [1.3]  54 30 32 30 35 30 30 61 39 38 31 34 61 65 38 37 33 65 30 30 30 30 33 38 36 34 0d
              0x020500A9  cls=0x00 idx=2 dev=41

    6733.5ms  TX  ──►  [1.3]  54 30 32 30 35 30 30 61 39 38 31 34 61 65 38 37 33 65 30 30 30 30 33 38 36 34 0d
              0x020500A9  cls=0x00 idx=2 dev=41

    6753.6ms  TX  ──►  [1.3]  54 30 32 30 35 30 30 61 39 38 31 34 61 65 38 37 33 65 30 30 30 30 33 38 36 34 0d
              0x020500A9  cls=0x00 idx=2 dev=41

    6774.0ms  TX  ──►  [1.3]  54 30 32 30 35 30 30 61 39 38 31 34 61 65 38 37 33 65 30 30 30 30 33 38 36 34 0d
              0x020500A9  cls=0x00 idx=2 dev=41

    6795.1ms  TX  ──►  [1.3]  54 30 32 30 35 30 30 61 39 38 31 34 61 65 38 37 33 65 30 30 30 30 33 38 36 34 0d
              0x020500A9  cls=0x00 idx=2 dev=41

    6814.8ms  TX  ──►  [1.3]  54 30 32 30 35 30 30 61 39 38 31 34 61 65 38 37 33 65 30 30 30 30 33 38 36 34 0d
              0x020500A9  cls=0x00 idx=2 dev=41

    6850.6ms  TX  ──►  [1.3]  54 30 32 30 35 30 30 61 39 38 31 34 61 65 38 37 33 65 30 30 30 30 33 38 36 34 0d
              0x020500A9  cls=0x00 idx=2 dev=41

    6876.8ms  TX  ──►  [1.3]  54 30 32 30 35 30 30 61 39 38 31 34 61 65 38 37 33 65 30 30 30 30 33 38 36 34 0d
              0x020500A9  cls=0x00 idx=2 dev=41

    6897.4ms  TX  ──►  [1.3]  54 30 32 30 35 30 30 61 39 38 31 34 61 65 38 37 33 65 30 30 30 30 33 38 36 34 0d
              0x020500A9  cls=0x00 idx=2 dev=41

    6917.1ms  TX  ──►  [1.3]  54 30 32 30 35 30 30 61 39 38 31 34 61 65 38 37 33 65 30 30 30 30 33 38 36 34 0d
              0x020500A9  cls=0x00 idx=2 dev=41

    6937.5ms  TX  ──►  [1.3]  54 30 32 30 35 30 30 61 39 38 31 34 61 65 38 37 33 65 30 30 30 30 33 38 36 34 0d
              0x020500A9  cls=0x00 idx=2 dev=41

    6957.3ms  TX  ──►  [1.3]  54 30 32 30 35 30 30 61 39 38 31 34 61 65 38 37 33 65 30 30 30 30 33 38 36 34 0d
              0x020500A9  cls=0x00 idx=2 dev=41

    6977.9ms  TX  ──►  [1.3]  54 30 32 30 35 30 30 61 39 38 31 34 61 65 38 37 33 65 30 30 30 30 33 38 36 34 0d
              0x020500A9  cls=0x00 idx=2 dev=41

    7007.4ms  TX  ──►  [1.3]  54 30 32 30 35 30 30 61 39 38 31 34 61 65 38 37 33 65 30 30 30 30 33 38 36 34 0d
              0x020500A9  cls=0x00 idx=2 dev=41

    7028.0ms  TX  ──►  [1.3]  54 30 32 30 35 30 30 61 39 38 31 34 61 65 38 37 33 65 30 30 30 30 33 38 36 34 0d
              0x020500A9  cls=0x00 idx=2 dev=41

    7047.9ms  TX  ──►  [1.3]  54 30 32 30 35 30 30 61 39 38 31 34 61 65 38 37 33 65 30 30 30 30 33 38 36 34 0d
              0x020500A9  cls=0x00 idx=2 dev=41

    7068.3ms  TX  ──►  [1.3]  54 30 32 30 35 30 30 61 39 38 31 34 61 65 38 37 33 65 30 30 30 30 33 38 36 34 0d
              0x020500A9  cls=0x00 idx=2 dev=41

    7089.4ms  TX  ──►  [1.3]  54 30 32 30 35 30 30 61 39 38 31 34 61 65 38 37 33 65 30 30 30 30 33 38 36 34 0d
              0x020500A9  cls=0x00 idx=2 dev=41

    7109.1ms  TX  ──►  [1.3]  54 30 32 30 35 30 30 61 39 38 31 34 61 65 38 37 33 65 30 30 30 30 33 38 36 34 0d
              0x020500A9  cls=0x00 idx=2 dev=41

    7129.5ms  TX  ──►  [1.3]  54 30 32 30 35 30 30 61 39 38 31 34 61 65 38 37 33 65 30 30 30 30 33 38 36 34 0d
              0x020500A9  cls=0x00 idx=2 dev=41

    7149.9ms  TX  ──►  [1.3]  54 30 32 30 35 30 30 61 39 38 31 34 61 65 38 37 33 65 30 30 30 30 33 38 36 34 0d
              0x020500A9  cls=0x00 idx=2 dev=41

    7169.8ms  TX  ──►  [1.3]  54 30 32 30 35 30 30 61 39 38 31 34 61 65 38 37 33 65 30 30 30 30 33 38 36 34 0d
              0x020500A9  cls=0x00 idx=2 dev=41

    7190.0ms  TX  ──►  [1.3]  54 30 32 30 35 30 30 61 39 38 31 34 61 65 38 37 33 65 30 30 30 30 33 38 36 34 0d
              0x020500A9  cls=0x00 idx=2 dev=41

    7211.1ms  TX  ──►  [1.3]  54 30 32 30 35 30 30 61 39 38 31 34 61 65 38 37 33 65 30 30 30 30 33 38 36 34 0d
              0x020500A9  cls=0x00 idx=2 dev=41

    7230.7ms  TX  ──►  [1.3]  54 30 32 30 35 30 30 61 39 38 31 34 61 65 38 37 33 65 30 30 30 30 33 38 36 34 0d
              0x020500A9  cls=0x00 idx=2 dev=41

    7250.8ms  TX  ──►  [1.3]  54 30 32 30 35 30 30 61 39 38 31 34 61 65 38 37 33 65 30 30 30 30 33 38 36 34 0d
              0x020500A9  cls=0x00 idx=2 dev=41

    7271.9ms  TX  ──►  [1.3]  54 30 32 30 35 30 30 61 39 38 31 34 61 65 38 37 33 65 30 30 30 30 33 38 36 34 0d
              0x020500A9  cls=0x00 idx=2 dev=41

    7291.9ms  TX  ──►  [1.3]  54 30 32 30 35 30 30 61 39 38 31 34 61 65 38 37 33 65 30 30 30 30 33 38 36 34 0d
              0x020500A9  cls=0x00 idx=2 dev=41

    7312.4ms  TX  ──►  [1.3]  54 30 32 30 35 30 30 61 39 38 31 34 61 65 38 37 33 65 30 30 30 30 33 38 36 34 0d
              0x020500A9  cls=0x00 idx=2 dev=41

    7333.1ms  TX  ──►  [1.3]  54 30 32 30 35 30 30 61 39 38 31 34 61 65 38 37 33 65 30 30 30 30 33 38 36 34 0d
              0x020500A9  cls=0x00 idx=2 dev=41

    7363.1ms  TX  ──►  [1.3]  54 30 32 30 35 30 30 61 39 38 31 34 61 65 38 37 33 65 30 30 30 30 33 38 36 34 0d
              0x020500A9  cls=0x00 idx=2 dev=41

    7383.5ms  TX  ──►  [1.3]  54 30 32 30 35 30 30 61 39 38 31 34 61 65 38 37 33 65 30 30 30 30 33 38 36 34 0d
              0x020500A9  cls=0x00 idx=2 dev=41

    7402.6ms  TX  ──►  [1.3]  54 30 32 30 35 30 30 61 39 38 31 34 61 65 38 37 33 65 30 30 30 30 33 38 36 34 0d
              0x020500A9  cls=0x00 idx=2 dev=41

    7423.5ms  TX  ──►  [1.3]  54 30 32 30 35 30 30 61 39 38 31 34 61 65 38 37 33 65 30 30 30 30 33 38 36 34 0d
              0x020500A9  cls=0x00 idx=2 dev=41

    7443.6ms  TX  ──►  [1.3]  54 30 32 30 35 30 30 61 39 38 31 34 61 65 38 37 33 65 30 30 30 30 33 38 36 34 0d
              0x020500A9  cls=0x00 idx=2 dev=41

    7463.3ms  TX  ──►  [1.3]  54 30 32 30 35 30 30 61 39 38 31 34 61 65 38 37 33 65 30 30 30 30 33 38 36 34 0d
              0x020500A9  cls=0x00 idx=2 dev=41

    7484.2ms  TX  ──►  [1.3]  54 30 32 30 35 30 30 61 39 38 31 34 61 65 38 37 33 65 30 30 30 30 33 38 36 34 0d
              0x020500A9  cls=0x00 idx=2 dev=41

    7504.1ms  TX  ──►  [1.3]  54 30 32 30 35 30 30 61 39 38 31 34 61 65 38 37 33 65 30 30 30 30 33 38 36 34 0d
              0x020500A9  cls=0x00 idx=2 dev=41

    7524.9ms  TX  ──►  [1.3]  54 30 32 30 35 30 30 61 39 38 31 34 61 65 38 37 33 65 30 30 30 30 33 38 36 34 0d
              0x020500A9  cls=0x00 idx=2 dev=41

    7545.6ms  TX  ──►  [1.3]  54 30 32 30 35 30 30 61 39 38 31 34 61 65 38 37 33 65 30 30 30 30 33 38 36 34 0d
              0x020500A9  cls=0x00 idx=2 dev=41

    7565.7ms  TX  ──►  [1.3]  54 30 32 30 35 30 30 61 39 38 31 34 61 65 38 37 33 65 30 30 30 30 33 38 36 34 0d
              0x020500A9  cls=0x00 idx=2 dev=41

    7585.9ms  TX  ──►  [1.3]  54 30 32 30 35 30 30 61 39 38 31 34 61 65 38 37 33 65 30 30 30 30 33 38 36 34 0d
              0x020500A9  cls=0x00 idx=2 dev=41

    7606.5ms  TX  ──►  [1.3]  54 30 32 30 35 30 30 61 39 38 31 34 61 65 38 37 33 65 30 30 30 30 33 38 36 34 0d
              0x020500A9  cls=0x00 idx=2 dev=41

    7626.7ms  TX  ──►  [1.3]  54 30 32 30 35 30 30 61 39 38 31 34 61 65 38 37 33 65 30 30 30 30 33 38 36 34 0d
              0x020500A9  cls=0x00 idx=2 dev=41

    7647.0ms  TX  ──►  [1.3]  54 30 32 30 35 30 30 61 39 38 31 34 61 65 38 37 33 65 30 30 30 30 33 38 36 34 0d
              0x020500A9  cls=0x00 idx=2 dev=41

    7668.2ms  TX  ──►  [1.3]  54 30 32 30 35 30 30 61 39 38 31 34 61 65 38 37 33 65 30 30 30 30 33 38 36 34 0d
              0x020500A9  cls=0x00 idx=2 dev=41

    7688.5ms  TX  ──►  [1.3]  54 30 32 30 35 30 30 61 39 38 31 34 61 65 38 37 33 65 30 30 30 30 33 38 36 34 0d
              0x020500A9  cls=0x00 idx=2 dev=41

    7712.1ms  TX  ──►  [1.3]  54 30 32 30 35 30 30 61 39 38 31 34 61 65 38 37 33 65 30 30 30 30 33 38 36 34 0d
              0x020500A9  cls=0x00 idx=2 dev=41

    7739.3ms  TX  ──►  [1.3]  54 30 32 30 35 30 30 61 39 38 31 34 61 65 38 37 33 65 30 30 30 30 33 38 36 34 0d
              0x020500A9  cls=0x00 idx=2 dev=41

    7759.5ms  TX  ──►  [1.3]  54 30 32 30 35 30 30 61 39 38 31 34 61 65 38 37 33 65 30 30 30 30 33 38 36 34 0d
              0x020500A9  cls=0x00 idx=2 dev=41

    7779.7ms  TX  ──►  [1.3]  54 30 32 30 35 30 30 61 39 38 31 34 61 65 38 37 33 65 30 30 30 30 33 38 36 34 0d
              0x020500A9  cls=0x00 idx=2 dev=41

    7800.5ms  TX  ──►  [1.3]  54 30 32 30 35 30 30 61 39 38 31 34 61 65 38 37 33 65 30 30 30 30 33 38 36 34 0d
              0x020500A9  cls=0x00 idx=2 dev=41

    7821.1ms  TX  ──►  [1.3]  54 30 32 30 35 30 30 61 39 38 31 34 61 65 38 37 33 65 30 30 30 30 33 38 36 34 0d
              0x020500A9  cls=0x00 idx=2 dev=41

    7841.8ms  TX  ──►  [1.3]  54 30 32 30 35 30 30 61 39 38 31 34 61 65 38 37 33 65 30 30 30 30 33 38 36 34 0d
              0x020500A9  cls=0x00 idx=2 dev=41

    7862.3ms  TX  ──►  [1.3]  54 30 32 30 35 30 30 61 39 38 31 34 61 65 38 37 33 65 30 30 30 30 33 38 36 34 0d
              0x020500A9  cls=0x00 idx=2 dev=41

    7882.1ms  TX  ──►  [1.3]  54 30 32 30 35 30 30 61 39 38 31 34 61 65 38 37 33 65 30 30 30 30 33 38 36 34 0d
              0x020500A9  cls=0x00 idx=2 dev=41

    7902.2ms  TX  ──►  [1.3]  54 30 32 30 35 30 30 61 39 38 31 34 61 65 38 37 33 65 30 30 30 30 33 38 36 34 0d
              0x020500A9  cls=0x00 idx=2 dev=41

    7922.8ms  TX  ──►  [1.3]  54 30 32 30 35 30 30 61 39 38 31 34 61 65 38 37 33 65 30 30 30 30 33 38 36 34 0d
              0x020500A9  cls=0x00 idx=2 dev=41

    7942.4ms  TX  ──►  [1.3]  54 30 32 30 35 30 30 61 39 38 31 34 61 65 38 37 33 65 30 30 30 30 33 38 36 34 0d
              0x020500A9  cls=0x00 idx=2 dev=41

    7962.8ms  TX  ──►  [1.3]  54 30 32 30 35 30 30 61 39 38 31 34 61 65 38 37 33 65 30 30 30 30 33 38 36 34 0d
              0x020500A9  cls=0x00 idx=2 dev=41

    7992.8ms  TX  ──►  [1.3]  54 30 32 30 35 30 30 61 39 38 31 34 61 65 38 37 33 65 30 30 30 30 33 38 36 34 0d
              0x020500A9  cls=0x00 idx=2 dev=41

    8013.5ms  TX  ──►  [1.3]  54 30 32 30 35 30 30 61 39 38 31 34 61 65 38 37 33 65 30 30 30 30 33 38 36 34 0d
              0x020500A9  cls=0x00 idx=2 dev=41

    8033.6ms  TX  ──►  [1.3]  54 30 32 30 35 30 30 61 39 38 31 34 61 65 38 37 33 65 30 30 30 30 33 38 36 34 0d
              0x020500A9  cls=0x00 idx=2 dev=41

    8054.1ms  TX  ──►  [1.3]  54 30 32 30 35 30 30 61 39 38 31 34 61 65 38 37 33 65 30 30 30 30 33 38 36 34 0d
              0x020500A9  cls=0x00 idx=2 dev=41

    8080.9ms  TX  ──►  [1.3]  54 30 32 30 35 30 30 61 39 38 31 34 61 65 38 37 33 65 30 30 30 30 33 38 36 34 0d
              0x020500A9  cls=0x00 idx=2 dev=41

    8110.8ms  TX  ──►  [1.3]  54 30 32 30 35 30 30 61 39 38 31 34 61 65 38 37 33 65 30 30 30 30 33 38 36 34 0d
              0x020500A9  cls=0x00 idx=2 dev=41

    8131.2ms  TX  ──►  [1.3]  54 30 32 30 35 30 30 61 39 38 31 34 61 65 38 37 33 65 30 30 30 30 33 38 36 34 0d
              0x020500A9  cls=0x00 idx=2 dev=41

    8166.3ms  TX  ──►  [1.3]  54 30 32 30 35 30 30 61 39 38 31 34 61 65 38 37 33 65 30 30 30 30 33 38 36 34 0d
              0x020500A9  cls=0x00 idx=2 dev=41

    8188.2ms  TX  ──►  [1.3]  54 30 32 30 35 30 30 61 39 38 31 34 61 65 38 37 33 65 30 30 30 30 33 38 36 34 0d
              0x020500A9  cls=0x00 idx=2 dev=41

    8215.0ms  TX  ──►  [1.3]  54 30 32 30 35 30 30 61 39 38 31 34 61 65 38 37 33 65 30 30 30 30 33 38 36 34 0d
              0x020500A9  cls=0x00 idx=2 dev=41

    8246.6ms  TX  ──►  [1.3]  54 30 32 30 35 30 30 61 39 38 31 34 61 65 38 37 33 65 30 30 30 30 33 38 36 34 0d
              0x020500A9  cls=0x00 idx=2 dev=41

    8271.1ms  TX  ──►  [1.3]  54 30 32 30 35 30 30 61 39 38 31 34 61 65 38 37 33 65 30 30 30 30 33 38 36 34 0d
              0x020500A9  cls=0x00 idx=2 dev=41

    8302.9ms  TX  ──►  [1.3]  54 30 32 30 35 30 30 61 39 38 31 34 61 65 38 37 33 65 30 30 30 30 33 38 36 34 0d
              0x020500A9  cls=0x00 idx=2 dev=41

    8331.4ms  TX  ──►  [1.3]  54 30 32 30 35 30 30 61 39 38 31 34 61 65 38 37 33 65 30 30 30 30 33 38 36 34 0d
              0x020500A9  cls=0x00 idx=2 dev=41

    8357.4ms  TX  ──►  [1.3]  54 30 32 30 35 30 30 61 39 38 31 34 61 65 38 37 33 65 30 30 30 30 33 38 36 34 0d
              0x020500A9  cls=0x00 idx=2 dev=41

    8384.4ms  TX  ──►  [1.3]  54 30 32 30 35 30 30 61 39 38 31 34 61 65 38 37 33 65 30 30 30 30 33 38 36 34 0d
              0x020500A9  cls=0x00 idx=2 dev=41

    8404.8ms  TX  ──►  [1.3]  54 30 32 30 35 30 30 61 39 38 31 34 61 65 38 37 33 65 30 30 30 30 33 38 36 34 0d
              0x020500A9  cls=0x00 idx=2 dev=41

    8425.2ms  TX  ──►  [1.3]  54 30 32 30 35 30 30 61 39 38 31 34 61 65 38 37 33 65 30 30 30 30 33 38 36 34 0d
              0x020500A9  cls=0x00 idx=2 dev=41

    8445.9ms  TX  ──►  [1.3]  54 30 32 30 35 30 30 61 39 38 31 34 61 65 38 37 33 65 30 30 30 30 33 38 36 34 0d
              0x020500A9  cls=0x00 idx=2 dev=41

    8466.1ms  TX  ──►  [1.3]  54 30 32 30 35 30 30 61 39 38 31 34 61 65 38 37 33 65 30 30 30 30 33 38 36 34 0d
              0x020500A9  cls=0x00 idx=2 dev=41

    8486.1ms  TX  ──►  [1.3]  54 30 32 30 35 30 30 61 39 38 31 34 61 65 38 37 33 65 30 30 30 30 33 38 36 34 0d
              0x020500A9  cls=0x00 idx=2 dev=41

    8507.2ms  TX  ──►  [1.3]  54 30 32 30 35 30 30 61 39 38 31 34 61 65 38 37 33 65 30 30 30 30 33 38 36 34 0d
              0x020500A9  cls=0x00 idx=2 dev=41

    8527.5ms  TX  ──►  [1.3]  54 30 32 30 35 30 30 61 39 38 31 34 61 65 38 37 33 65 30 30 30 30 33 38 36 34 0d
              0x020500A9  cls=0x00 idx=2 dev=41

    8547.3ms  TX  ──►  [1.3]  54 30 32 30 35 30 30 61 39 38 31 34 61 65 38 37 33 65 30 30 30 30 33 38 36 34 0d
              0x020500A9  cls=0x00 idx=2 dev=41

    8568.3ms  TX  ──►  [1.3]  54 30 32 30 35 30 30 61 39 38 31 34 61 65 38 37 33 65 30 30 30 30 33 38 36 34 0d
              0x020500A9  cls=0x00 idx=2 dev=41

    8588.7ms  TX  ──►  [1.3]  54 30 32 30 35 30 30 61 39 38 31 34 61 65 38 37 33 65 30 30 30 30 33 38 36 34 0d
              0x020500A9  cls=0x00 idx=2 dev=41

    8609.6ms  TX  ──►  [1.3]  54 30 32 30 35 30 30 61 39 38 31 34 61 65 38 37 33 65 30 30 30 30 33 38 36 34 0d
              0x020500A9  cls=0x00 idx=2 dev=41

    8630.5ms  TX  ──►  [1.3]  54 30 32 30 35 30 30 61 39 38 31 34 61 65 38 37 33 65 30 30 30 30 33 38 36 34 0d
              0x020500A9  cls=0x00 idx=2 dev=41

    8650.8ms  TX  ──►  [1.3]  54 30 32 30 35 30 30 61 39 38 31 34 61 65 38 37 33 65 30 30 30 30 33 38 36 34 0d
              0x020500A9  cls=0x00 idx=2 dev=41

    8671.6ms  TX  ──►  [1.3]  54 30 32 30 35 30 30 61 39 38 31 34 61 65 38 37 33 65 30 30 30 30 33 38 36 34 0d
              0x020500A9  cls=0x00 idx=2 dev=41

    8692.6ms  TX  ──►  [1.3]  54 30 32 30 35 30 30 61 39 38 31 34 61 65 38 37 33 65 30 30 30 30 33 38 36 34 0d
              0x020500A9  cls=0x00 idx=2 dev=41

    8712.5ms  TX  ──►  [1.3]  54 30 32 30 35 30 30 61 39 38 31 34 61 65 38 37 33 65 30 30 30 30 33 38 36 34 0d
              0x020500A9  cls=0x00 idx=2 dev=41

    8732.9ms  TX  ──►  [1.3]  54 30 32 30 35 30 30 61 39 38 31 34 61 65 38 37 33 65 30 30 30 30 33 38 36 34 0d
              0x020500A9  cls=0x00 idx=2 dev=41

    8762.9ms  TX  ──►  [1.3]  54 30 32 30 35 30 30 61 39 38 31 34 61 65 38 37 33 65 30 30 30 30 33 38 36 34 0d
              0x020500A9  cls=0x00 idx=2 dev=41

    8783.6ms  TX  ──►  [1.3]  54 30 32 30 35 30 30 61 39 38 31 34 61 65 38 37 33 65 30 30 30 30 33 38 36 34 0d
              0x020500A9  cls=0x00 idx=2 dev=41

    8804.1ms  TX  ──►  [1.3]  54 30 32 30 35 30 30 61 39 38 31 34 61 65 38 37 33 65 30 30 30 30 33 38 36 34 0d
              0x020500A9  cls=0x00 idx=2 dev=41

    8824.5ms  TX  ──►  [1.3]  54 30 32 30 35 30 30 61 39 38 31 34 61 65 38 37 33 65 30 30 30 30 33 38 36 34 0d
              0x020500A9  cls=0x00 idx=2 dev=41

    8845.1ms  TX  ──►  [1.3]  54 30 32 30 35 30 30 61 39 38 31 34 61 65 38 37 33 65 30 30 30 30 33 38 36 34 0d
              0x020500A9  cls=0x00 idx=2 dev=41

    8864.9ms  TX  ──►  [1.3]  54 30 32 30 35 30 30 61 39 38 31 34 61 65 38 37 33 65 30 30 30 30 33 38 36 34 0d
              0x020500A9  cls=0x00 idx=2 dev=41

    8885.5ms  TX  ──►  [1.3]  54 30 32 30 35 30 30 61 39 38 31 34 61 65 38 37 33 65 30 30 30 30 33 38 36 34 0d
              0x020500A9  cls=0x00 idx=2 dev=41

    8906.2ms  TX  ──►  [1.3]  54 30 32 30 35 30 30 61 39 38 31 34 61 65 38 37 33 65 30 30 30 30 33 38 36 34 0d
              0x020500A9  cls=0x00 idx=2 dev=41

    8926.2ms  TX  ──►  [1.3]  54 30 32 30 35 30 30 61 39 38 31 34 61 65 38 37 33 65 30 30 30 30 33 38 36 34 0d
              0x020500A9  cls=0x00 idx=2 dev=41

    8945.7ms  TX  ──►  [1.3]  54 30 32 30 35 30 30 61 39 38 31 34 61 65 38 37 33 65 30 30 30 30 33 38 36 34 0d
              0x020500A9  cls=0x00 idx=2 dev=41

    8975.2ms  TX  ──►  [1.3]  54 30 32 30 35 30 30 61 39 38 31 34 61 65 38 37 33 65 30 30 30 30 33 38 36 34 0d
              0x020500A9  cls=0x00 idx=2 dev=41

    8995.3ms  TX  ──►  [1.3]  54 30 32 30 35 30 30 61 39 38 31 34 61 65 38 37 33 65 30 30 30 30 33 38 36 34 0d
              0x020500A9  cls=0x00 idx=2 dev=41

    9015.4ms  TX  ──►  [1.3]  54 30 32 30 35 30 30 61 39 38 31 34 61 65 38 37 33 65 30 30 30 30 33 38 36 34 0d
              0x020500A9  cls=0x00 idx=2 dev=41

    9036.1ms  TX  ──►  [1.3]  54 30 32 30 35 30 30 61 39 38 31 34 61 65 38 37 33 65 30 30 30 30 33 38 36 34 0d
              0x020500A9  cls=0x00 idx=2 dev=41

    9057.0ms  TX  ──►  [1.3]  54 30 32 30 35 30 30 61 39 38 31 34 61 65 38 37 33 65 30 30 30 30 33 38 36 34 0d
              0x020500A9  cls=0x00 idx=2 dev=41

    9076.5ms  TX  ──►  [1.3]  54 30 32 30 35 30 30 61 39 38 31 34 61 65 38 37 33 65 30 30 30 30 33 38 36 34 0d
              0x020500A9  cls=0x00 idx=2 dev=41

    9097.3ms  TX  ──►  [1.3]  54 30 32 30 35 30 30 61 39 38 31 34 61 65 38 37 33 65 30 30 30 30 33 38 36 34 0d
              0x020500A9  cls=0x00 idx=2 dev=41

    9118.5ms  TX  ──►  [1.3]  54 30 32 30 35 30 30 61 39 38 31 34 61 65 38 37 33 65 30 30 30 30 33 38 36 34 0d
              0x020500A9  cls=0x00 idx=2 dev=41

    9138.9ms  TX  ──►  [1.3]  54 30 32 30 35 30 30 61 39 38 31 34 61 65 38 37 33 65 30 30 30 30 33 38 36 34 0d
              0x020500A9  cls=0x00 idx=2 dev=41

    9159.6ms  TX  ──►  [1.3]  54 30 32 30 35 30 30 61 39 38 31 34 61 65 38 37 33 65 30 30 30 30 33 38 36 34 0d
              0x020500A9  cls=0x00 idx=2 dev=41

    9180.3ms  TX  ──►  [1.3]  54 30 32 30 35 30 30 61 39 38 31 34 61 65 38 37 33 65 30 30 30 30 33 38 36 34 0d
              0x020500A9  cls=0x00 idx=2 dev=41

    9200.7ms  TX  ──►  [1.3]  54 30 32 30 35 30 30 61 39 38 31 34 61 65 38 37 33 65 30 30 30 30 33 38 36 34 0d
              0x020500A9  cls=0x00 idx=2 dev=41

    9221.2ms  TX  ──►  [1.3]  54 30 32 30 35 30 30 61 39 38 31 34 61 65 38 37 33 65 30 30 30 30 33 38 36 34 0d
              0x020500A9  cls=0x00 idx=2 dev=41

    9250.6ms  TX  ──►  [1.3]  54 30 32 30 35 30 30 61 39 38 31 34 61 65 38 37 33 65 30 30 30 30 33 38 36 34 0d
              0x020500A9  cls=0x00 idx=2 dev=41

    9270.9ms  TX  ──►  [1.3]  54 30 32 30 35 30 30 61 39 38 31 34 61 65 38 37 33 65 30 30 30 30 33 38 36 34 0d
              0x020500A9  cls=0x00 idx=2 dev=41

    9291.4ms  TX  ──►  [1.3]  54 30 32 30 35 30 30 61 39 38 31 34 61 65 38 37 33 65 30 30 30 30 33 38 36 34 0d
              0x020500A9  cls=0x00 idx=2 dev=41

    9311.3ms  TX  ──►  [1.3]  54 30 32 30 35 30 30 61 39 38 31 34 61 65 38 37 33 65 30 30 30 30 33 38 36 34 0d
              0x020500A9  cls=0x00 idx=2 dev=41

    9331.9ms  TX  ──►  [1.3]  54 30 32 30 35 30 30 61 39 38 31 34 61 65 38 37 33 65 30 30 30 30 33 38 36 34 0d
              0x020500A9  cls=0x00 idx=2 dev=41

    9351.9ms  TX  ──►  [1.3]  54 30 32 30 35 30 30 61 39 38 31 34 61 65 38 37 33 65 30 30 30 30 33 38 36 34 0d
              0x020500A9  cls=0x00 idx=2 dev=41

    9381.5ms  TX  ──►  [1.3]  54 30 32 30 35 30 30 61 39 38 31 34 61 65 38 37 33 65 30 30 30 30 33 38 36 34 0d
              0x020500A9  cls=0x00 idx=2 dev=41

    9402.2ms  TX  ──►  [1.3]  54 30 32 30 35 30 30 61 39 38 31 34 61 65 38 37 33 65 30 30 30 30 33 38 36 34 0d
              0x020500A9  cls=0x00 idx=2 dev=41

    9423.4ms  TX  ──►  [1.3]  54 30 32 30 35 30 30 61 39 38 31 34 61 65 38 37 33 65 30 30 30 30 33 38 36 34 0d
              0x020500A9  cls=0x00 idx=2 dev=41

    9443.3ms  TX  ──►  [1.3]  54 30 32 30 35 30 30 61 39 38 31 34 61 65 38 37 33 65 30 30 30 30 33 38 36 34 0d
              0x020500A9  cls=0x00 idx=2 dev=41

    9464.0ms  TX  ──►  [1.3]  54 30 32 30 35 30 30 61 39 38 31 34 61 65 38 37 33 65 30 30 30 30 33 38 36 34 0d
              0x020500A9  cls=0x00 idx=2 dev=41

    9484.1ms  TX  ──►  [1.3]  54 30 32 30 35 30 30 61 39 38 31 34 61 65 38 37 33 65 30 30 30 30 33 38 36 34 0d
              0x020500A9  cls=0x00 idx=2 dev=41

    9503.7ms  TX  ──►  [1.3]  54 30 32 30 35 30 30 61 39 38 31 34 61 65 38 37 33 65 30 30 30 30 33 38 36 34 0d
              0x020500A9  cls=0x00 idx=2 dev=41

    9533.3ms  TX  ──►  [1.3]  54 30 32 30 35 30 30 61 39 38 31 34 61 65 38 37 33 65 30 30 30 30 33 38 36 34 0d
              0x020500A9  cls=0x00 idx=2 dev=41

    9554.1ms  TX  ──►  [1.3]  54 30 32 30 35 30 30 61 39 38 31 34 61 65 38 37 33 65 30 30 30 30 33 38 36 34 0d
              0x020500A9  cls=0x00 idx=2 dev=41

    9583.8ms  TX  ──►  [1.3]  54 30 32 30 35 30 30 61 39 38 31 34 61 65 38 37 33 65 30 30 30 30 33 38 36 34 0d
              0x020500A9  cls=0x00 idx=2 dev=41

    9604.9ms  TX  ──►  [1.3]  54 30 32 30 35 30 30 61 39 38 31 34 61 65 38 37 33 65 30 30 30 30 33 38 36 34 0d
              0x020500A9  cls=0x00 idx=2 dev=41

    9625.6ms  TX  ──►  [1.3]  54 30 32 30 35 30 30 61 39 38 31 34 61 65 38 37 33 65 30 30 30 30 33 38 36 34 0d
              0x020500A9  cls=0x00 idx=2 dev=41

    9646.0ms  TX  ──►  [1.3]  54 30 32 30 35 30 30 61 39 38 31 34 61 65 38 37 33 65 30 30 30 30 33 38 36 34 0d
              0x020500A9  cls=0x00 idx=2 dev=41

    9666.4ms  TX  ──►  [1.3]  54 30 32 30 35 30 30 61 39 38 31 34 61 65 38 37 33 65 30 30 30 30 33 38 36 34 0d
              0x020500A9  cls=0x00 idx=2 dev=41

    9686.8ms  TX  ──►  [1.3]  54 30 32 30 35 30 30 61 39 38 31 34 61 65 38 37 33 65 30 30 30 30 33 38 36 34 0d
              0x020500A9  cls=0x00 idx=2 dev=41

    9707.3ms  TX  ──►  [1.3]  54 30 32 30 35 30 30 61 39 38 31 34 61 65 38 37 33 65 30 30 30 30 33 38 36 34 0d
              0x020500A9  cls=0x00 idx=2 dev=41

    9728.3ms  TX  ──►  [1.3]  54 30 32 30 35 30 30 61 39 38 31 34 61 65 38 37 33 65 30 30 30 30 33 38 36 34 0d
              0x020500A9  cls=0x00 idx=2 dev=41

    9748.1ms  TX  ──►  [1.3]  54 30 32 30 35 30 30 61 39 38 31 34 61 65 38 37 33 65 30 30 30 30 33 38 36 34 0d
              0x020500A9  cls=0x00 idx=2 dev=41

    9768.7ms  TX  ──►  [1.3]  54 30 32 30 35 30 30 61 39 38 31 34 61 65 38 37 33 65 30 30 30 30 33 38 36 34 0d
              0x020500A9  cls=0x00 idx=2 dev=41

    9789.9ms  TX  ──►  [1.3]  54 30 32 30 35 30 30 61 39 38 31 34 61 65 38 37 33 65 30 30 30 30 33 38 36 34 0d
              0x020500A9  cls=0x00 idx=2 dev=41

    9809.4ms  TX  ──►  [1.3]  54 30 32 30 35 30 30 61 39 38 31 34 61 65 38 37 33 65 30 30 30 30 33 38 36 34 0d
              0x020500A9  cls=0x00 idx=2 dev=41

    9830.2ms  TX  ──►  [1.3]  54 30 32 30 35 30 30 61 39 38 31 34 61 65 38 37 33 65 30 30 30 30 33 38 36 34 0d
              0x020500A9  cls=0x00 idx=2 dev=41

    9850.7ms  TX  ──►  [1.3]  54 30 32 30 35 30 30 61 39 38 31 34 61 65 38 37 33 65 30 30 30 30 33 38 36 34 0d
              0x020500A9  cls=0x00 idx=2 dev=41

    9871.7ms  TX  ──►  [1.3]  54 30 32 30 35 30 30 61 39 38 31 34 61 65 38 37 33 65 30 30 30 30 33 38 36 34 0d
              0x020500A9  cls=0x00 idx=2 dev=41

    9894.3ms  TX  ──►  [1.3]  54 30 32 30 35 30 30 61 39 38 31 34 61 65 38 37 33 65 30 30 30 30 33 38 36 34 0d
              0x020500A9  cls=0x00 idx=2 dev=41

    9918.8ms  TX  ──►  [1.3]  54 30 32 30 35 30 30 61 39 38 31 34 61 65 38 37 33 65 30 30 30 30 33 38 36 34 0d
              0x020500A9  cls=0x00 idx=2 dev=41

    9939.1ms  TX  ──►  [1.3]  54 30 32 30 35 30 30 61 39 38 31 34 61 65 38 37 33 65 30 30 30 30 33 38 36 34 0d
              0x020500A9  cls=0x00 idx=2 dev=41

    9959.4ms  TX  ──►  [1.3]  54 30 32 30 35 30 30 61 39 38 31 34 61 65 38 37 33 65 30 30 30 30 33 38 36 34 0d
              0x020500A9  cls=0x00 idx=2 dev=41

    9979.6ms  TX  ──►  [1.3]  54 30 32 30 35 30 30 61 39 38 31 34 61 65 38 37 33 65 30 30 30 30 33 38 36 34 0d
              0x020500A9  cls=0x00 idx=2 dev=41

   10000.2ms  TX  ──►  [1.3]  54 30 32 30 35 30 30 61 39 38 31 34 61 65 38 37 33 65 30 30 30 30 33 38 36 34 0d
              0x020500A9  cls=0x00 idx=2 dev=41

   10020.5ms  TX  ──►  [1.3]  54 30 32 30 35 30 30 61 39 38 31 34 61 65 38 37 33 65 30 30 30 30 33 38 36 34 0d
              0x020500A9  cls=0x00 idx=2 dev=41

   10040.9ms  TX  ──►  [1.3]  54 30 32 30 35 30 30 61 39 38 31 34 61 65 38 37 33 65 30 30 30 30 33 38 36 34 0d
              0x020500A9  cls=0x00 idx=2 dev=41

   10061.6ms  TX  ──►  [1.3]  54 30 32 30 35 30 30 61 39 38 31 34 61 65 38 37 33 65 30 30 30 30 33 38 36 34 0d
              0x020500A9  cls=0x00 idx=2 dev=41

   10082.0ms  TX  ──►  [1.3]  54 30 32 30 35 30 30 61 39 38 31 34 61 65 38 37 33 65 30 30 30 30 33 38 36 34 0d
              0x020500A9  cls=0x00 idx=2 dev=41

   10102.7ms  TX  ──►  [1.3]  54 30 32 30 35 30 30 61 39 38 31 34 61 65 38 37 33 65 30 30 30 30 33 38 36 34 0d
              0x020500A9  cls=0x00 idx=2 dev=41

   10123.9ms  TX  ──►  [1.3]  54 30 32 30 35 30 30 61 39 38 31 34 61 65 38 37 33 65 30 30 30 30 33 38 36 34 0d
              0x020500A9  cls=0x00 idx=2 dev=41

   10144.4ms  TX  ──►  [1.3]  54 30 32 30 35 30 30 61 39 38 31 34 61 65 38 37 33 65 30 30 30 30 33 38 36 34 0d
              0x020500A9  cls=0x00 idx=2 dev=41

