      11.9ms  TX  ──►  [1.3]  54 30 32 30 35 30 30 32 39 38 65 35 64 38 37 63 34 34 30 30 30 30 38 30 63 31 0d
              0x02050029  cls=0x00 idx=0 dev=41

      32.6ms  TX  ──►  [1.3]  54 30 32 30 35 30 30 32 39 38 65 35 64 38 37 63 34 34 30 30 30 30 38 30 63 31 0d
              0x02050029  cls=0x00 idx=0 dev=41

      52.9ms  TX  ──►  [1.3]  54 30 32 30 35 30 30 32 39 38 65 35 64 38 37 63 34 34 30 30 30 30 38 30 63 31 0d
              0x02050029  cls=0x00 idx=0 dev=41

      78.5ms  TX  ──►  [1.3]  54 30 32 30 35 30 30 32 39 38 65 35 64 38 37 63 34 34 30 30 30 30 38 30 63 31 0d
              0x02050029  cls=0x00 idx=0 dev=41

     102.2ms  TX  ──►  [1.3]  54 30 32 30 35 30 30 32 39 38 65 35 64 38 37 63 34 34 30 30 30 30 38 30 63 31 0d
              0x02050029  cls=0x00 idx=0 dev=41

     134.2ms  TX  ──►  [1.3]  54 30 32 30 35 30 30 32 39 38 65 35 64 38 37 63 34 34 30 30 30 30 38 30 63 31 0d
              0x02050029  cls=0x00 idx=0 dev=41

     158.6ms  TX  ──►  [1.3]  54 30 32 30 35 30 30 32 39 38 65 35 64 38 37 63 34 34 30 30 30 30 38 30 63 31 0d
              0x02050029  cls=0x00 idx=0 dev=41

     190.2ms  TX  ──►  [1.3]  54 30 32 30 35 30 30 32 39 38 65 35 64 38 37 63 34 34 30 30 30 30 38 30 63 31 0d
              0x02050029  cls=0x00 idx=0 dev=41

     211.6ms  TX  ──►  [1.3]  54 30 32 30 35 30 30 32 39 38 65 35 64 38 37 63 34 34 30 30 30 30 38 30 63 31 0d
              0x02050029  cls=0x00 idx=0 dev=41

     232.8ms  TX  ──►  [1.3]  54 30 32 30 35 30 30 32 39 38 65 35 64 38 37 63 34 34 30 30 30 30 38 30 63 31 0d
              0x02050029  cls=0x00 idx=0 dev=41

     252.8ms  TX  ──►  [1.3]  54 30 32 30 35 30 30 32 39 38 65 35 64 38 37 63 34 34 30 30 30 30 38 30 63 31 0d
              0x02050029  cls=0x00 idx=0 dev=41

     273.4ms  TX  ──►  [1.3]  54 30 32 30 35 30 30 32 39 38 65 35 64 38 37 63 34 34 30 30 30 30 38 30 63 31 0d
              0x02050029  cls=0x00 idx=0 dev=41

     294.7ms  TX  ──►  [1.3]  54 30 32 30 35 30 30 32 39 38 65 35 64 38 37 63 34 34 30 30 30 30 38 30 63 31 0d
              0x02050029  cls=0x00 idx=0 dev=41

     314.7ms  TX  ──►  [1.3]  54 30 32 30 35 30 30 32 39 38 65 35 64 38 37 63 34 34 30 30 30 30 38 30 63 31 0d
              0x02050029  cls=0x00 idx=0 dev=41

     335.4ms  TX  ──►  [1.3]  54 30 32 30 35 30 30 32 39 38 65 35 64 38 37 63 34 34 30 30 30 30 38 30 63 31 0d
              0x02050029  cls=0x00 idx=0 dev=41

     356.3ms  TX  ──►  [1.3]  54 30 32 30 35 30 30 32 39 38 65 35 64 38 37 63 34 34 30 30 30 30 38 30 63 31 0d
              0x02050029  cls=0x00 idx=0 dev=41

     390.2ms  TX  ──►  [1.3]  54 30 32 30 35 30 30 32 39 38 65 35 64 38 37 63 34 34 30 30 30 30 38 30 63 31 0d
              0x02050029  cls=0x00 idx=0 dev=41

     421.6ms  TX  ──►  [1.3]  54 30 32 30 35 30 30 32 39 38 65 35 64 38 37 63 34 34 30 30 30 30 38 30 63 31 0d
              0x02050029  cls=0x00 idx=0 dev=41

     448.0ms  TX  ──►  [1.3]  54 30 32 30 35 30 30 32 39 38 65 35 64 38 37 63 34 34 30 30 30 30 38 30 63 31 0d
              0x02050029  cls=0x00 idx=0 dev=41

     476.8ms  TX  ──►  [1.3]  54 30 32 30 35 30 30 32 39 38 65 35 64 38 37 63 34 34 30 30 30 30 38 30 63 31 0d
              0x02050029  cls=0x00 idx=0 dev=41

     503.7ms  TX  ──►  [1.3]  54 30 32 30 35 30 30 32 39 38 65 35 64 38 37 63 34 34 30 30 30 30 38 30 63 31 0d
              0x02050029  cls=0x00 idx=0 dev=41

     528.6ms  TX  ──►  [1.3]  54 30 32 30 35 30 30 32 39 38 65 35 64 38 37 63 34 34 30 30 30 30 38 30 63 31 0d
              0x02050029  cls=0x00 idx=0 dev=41

     553.0ms  TX  ──►  [1.3]  54 30 32 30 35 30 30 32 39 38 65 35 64 38 37 63 34 34 30 30 30 30 38 30 63 31 0d
              0x02050029  cls=0x00 idx=0 dev=41

     576.6ms  TX  ──►  [1.3]  54 30 32 30 35 30 30 32 39 38 65 35 64 38 37 63 34 34 30 30 30 30 38 30 63 31 0d
              0x02050029  cls=0x00 idx=0 dev=41

     600.3ms  TX  ──►  [1.3]  54 30 32 30 35 30 30 32 39 38 65 35 64 38 37 63 34 34 30 30 30 30 38 30 63 31 0d
              0x02050029  cls=0x00 idx=0 dev=41

     628.4ms  TX  ──►  [1.3]  54 30 32 30 35 30 30 32 39 38 65 35 64 38 37 63 34 34 30 30 30 30 38 30 63 31 0d
              0x02050029  cls=0x00 idx=0 dev=41

     658.4ms  TX  ──►  [1.3]  54 30 32 30 35 30 30 32 39 38 65 35 64 38 37 63 34 34 30 30 30 30 38 30 63 31 0d
              0x02050029  cls=0x00 idx=0 dev=41

     679.7ms  TX  ──►  [1.3]  54 30 32 30 35 30 30 32 39 38 65 35 64 38 37 63 34 34 30 30 30 30 38 30 63 31 0d
              0x02050029  cls=0x00 idx=0 dev=41

     700.1ms  TX  ──►  [1.3]  54 30 32 30 35 30 30 32 39 38 65 35 64 38 37 63 34 34 30 30 30 30 38 30 63 31 0d
              0x02050029  cls=0x00 idx=0 dev=41

     720.9ms  TX  ──►  [1.3]  54 30 32 30 35 30 30 32 39 38 65 35 64 38 37 63 34 34 30 30 30 30 38 30 63 31 0d
              0x02050029  cls=0x00 idx=0 dev=41

     741.6ms  TX  ──►  [1.3]  54 30 32 30 35 30 30 32 39 38 65 35 64 38 37 63 34 34 30 30 30 30 38 30 63 31 0d
              0x02050029  cls=0x00 idx=0 dev=41

     761.7ms  TX  ──►  [1.3]  54 30 32 30 35 30 30 32 39 38 65 35 64 38 37 63 34 34 30 30 30 30 38 30 63 31 0d
              0x02050029  cls=0x00 idx=0 dev=41

     782.6ms  TX  ──►  [1.3]  54 30 32 30 35 30 30 32 39 38 65 35 64 38 37 63 34 34 30 30 30 30 38 30 63 31 0d
              0x02050029  cls=0x00 idx=0 dev=41

     803.6ms  TX  ──►  [1.3]  54 30 32 30 35 30 30 32 39 38 65 35 64 38 37 63 34 34 30 30 30 30 38 30 63 31 0d
              0x02050029  cls=0x00 idx=0 dev=41

     823.6ms  TX  ──►  [1.3]  54 30 32 30 35 30 30 32 39 38 65 35 64 38 37 63 34 34 30 30 30 30 38 30 63 31 0d
              0x02050029  cls=0x00 idx=0 dev=41

     844.0ms  TX  ──►  [1.3]  54 30 32 30 35 30 30 32 39 38 65 35 64 38 37 63 34 34 30 30 30 30 38 30 63 31 0d
              0x02050029  cls=0x00 idx=0 dev=41

     865.2ms  TX  ──►  [1.3]  54 30 32 30 35 30 30 32 39 38 65 35 64 38 37 63 34 34 30 30 30 30 38 30 63 31 0d
              0x02050029  cls=0x00 idx=0 dev=41

     885.2ms  TX  ──►  [1.3]  54 30 32 30 35 30 30 32 39 38 65 35 64 38 37 63 34 34 30 30 30 30 38 30 63 31 0d
              0x02050029  cls=0x00 idx=0 dev=41

     909.6ms  TX  ──►  [1.3]  54 30 32 30 35 30 30 32 39 38 65 35 64 38 37 63 34 34 30 30 30 30 38 30 63 31 0d
              0x02050029  cls=0x00 idx=0 dev=41

     941.2ms  TX  ──►  [1.3]  54 30 32 30 35 30 30 32 39 38 65 35 64 38 37 63 34 34 30 30 30 30 38 30 63 31 0d
              0x02050029  cls=0x00 idx=0 dev=41

     965.0ms  TX  ──►  [1.3]  54 30 32 30 35 30 30 32 39 38 65 35 64 38 37 63 34 34 30 30 30 30 38 30 63 31 0d
              0x02050029  cls=0x00 idx=0 dev=41

     990.3ms  TX  ──►  [1.3]  54 30 32 30 35 30 30 32 39 38 65 35 64 38 37 63 34 34 30 30 30 30 38 30 63 31 0d
              0x02050029  cls=0x00 idx=0 dev=41

    1021.0ms  TX  ──►  [1.3]  54 30 32 30 35 30 30 32 39 38 65 35 64 38 37 63 34 34 30 30 30 30 38 30 63 31 0d
              0x02050029  cls=0x00 idx=0 dev=41

    1048.0ms  TX  ──►  [1.3]  54 30 32 30 35 30 30 32 39 38 65 35 64 38 37 63 34 34 30 30 30 30 38 30 63 31 0d
              0x02050029  cls=0x00 idx=0 dev=41

    1077.7ms  TX  ──►  [1.3]  54 30 32 30 35 30 30 32 39 38 65 35 64 38 37 63 34 34 30 30 30 30 38 30 63 31 0d
              0x02050029  cls=0x00 idx=0 dev=41

    1100.8ms  TX  ──►  [1.3]  54 30 32 30 35 30 30 32 39 38 65 35 64 38 37 63 34 34 30 30 30 30 38 30 63 31 0d
              0x02050029  cls=0x00 idx=0 dev=41

    1124.6ms  TX  ──►  [1.3]  54 30 32 30 35 30 30 32 39 38 65 35 64 38 37 63 34 34 30 30 30 30 38 30 63 31 0d
              0x02050029  cls=0x00 idx=0 dev=41

    1152.5ms  TX  ──►  [1.3]  54 30 32 30 35 30 30 32 39 38 65 35 64 38 37 63 34 34 30 30 30 30 38 30 63 31 0d
              0x02050029  cls=0x00 idx=0 dev=41

    1172.9ms  TX  ──►  [1.3]  54 30 32 30 35 30 30 32 39 38 65 35 64 38 37 63 34 34 30 30 30 30 38 30 63 31 0d
              0x02050029  cls=0x00 idx=0 dev=41

    1193.4ms  TX  ──►  [1.3]  54 30 32 30 35 30 30 32 39 38 65 35 64 38 37 63 34 34 30 30 30 30 38 30 63 31 0d
              0x02050029  cls=0x00 idx=0 dev=41

    1213.8ms  TX  ──►  [1.3]  54 30 32 30 35 30 30 32 39 38 65 35 64 38 37 63 34 34 30 30 30 30 38 30 63 31 0d
              0x02050029  cls=0x00 idx=0 dev=41

    1234.3ms  TX  ──►  [1.3]  54 30 32 30 35 30 30 32 39 38 65 35 64 38 37 63 34 34 30 30 30 30 38 30 63 31 0d
              0x02050029  cls=0x00 idx=0 dev=41

    1260.3ms  TX  ──►  [1.3]  54 30 32 30 35 30 30 32 39 38 65 35 64 38 37 63 34 34 30 30 30 30 38 30 63 31 0d
              0x02050029  cls=0x00 idx=0 dev=41

    1279.7ms  TX  ──►  [1.3]  54 30 32 30 35 30 30 32 39 38 65 35 64 38 37 63 34 34 30 30 30 30 38 30 63 31 0d
              0x02050029  cls=0x00 idx=0 dev=41

    1299.7ms  TX  ──►  [1.3]  54 30 32 30 35 30 30 32 39 38 65 35 64 38 37 63 34 34 30 30 30 30 38 30 63 31 0d
              0x02050029  cls=0x00 idx=0 dev=41

    1326.3ms  TX  ──►  [1.3]  54 30 32 30 35 30 30 32 39 38 65 35 64 38 37 63 34 34 30 30 30 30 38 30 63 31 0d
              0x02050029  cls=0x00 idx=0 dev=41

    1353.8ms  TX  ──►  [1.3]  54 30 32 30 35 30 30 32 39 38 65 35 64 38 37 63 34 34 30 30 30 30 38 30 63 31 0d
              0x02050029  cls=0x00 idx=0 dev=41

    1383.0ms  TX  ──►  [1.3]  54 30 32 30 35 30 30 32 39 38 65 35 64 38 37 63 34 34 30 30 30 30 38 30 63 31 0d
              0x02050029  cls=0x00 idx=0 dev=41

    1403.5ms  TX  ──►  [1.3]  54 30 32 30 35 30 30 32 39 38 65 35 64 38 37 63 34 34 30 30 30 30 38 30 63 31 0d
              0x02050029  cls=0x00 idx=0 dev=41

    1430.0ms  TX  ──►  [1.3]  54 30 32 30 35 30 30 32 39 38 65 35 64 38 37 63 34 34 30 30 30 30 38 30 63 31 0d
              0x02050029  cls=0x00 idx=0 dev=41

    1459.5ms  TX  ──►  [1.3]  54 30 32 30 35 30 30 32 39 38 65 35 64 38 37 63 34 34 30 30 30 30 38 30 63 31 0d
              0x02050029  cls=0x00 idx=0 dev=41

    1487.3ms  TX  ──►  [1.3]  54 30 32 30 35 30 30 32 39 38 65 35 64 38 37 63 34 34 30 30 30 30 38 30 63 31 0d
              0x02050029  cls=0x00 idx=0 dev=41

    1521.9ms  TX  ──►  [1.3]  54 30 32 30 35 30 30 32 39 38 65 35 64 38 37 63 34 34 30 30 30 30 38 30 63 31 0d
              0x02050029  cls=0x00 idx=0 dev=41

    1555.0ms  TX  ──►  [1.3]  54 30 32 30 35 30 30 32 39 38 65 35 64 38 37 63 34 34 30 30 30 30 38 30 63 31 0d
              0x02050029  cls=0x00 idx=0 dev=41

    1575.3ms  TX  ──►  [1.3]  54 30 32 30 35 30 30 32 39 38 65 35 64 38 37 63 34 34 30 30 30 30 38 30 63 31 0d
              0x02050029  cls=0x00 idx=0 dev=41

    1596.1ms  TX  ──►  [1.3]  54 30 32 30 35 30 30 32 39 38 65 35 64 38 37 63 34 34 30 30 30 30 38 30 63 31 0d
              0x02050029  cls=0x00 idx=0 dev=41

    1616.6ms  TX  ──►  [1.3]  54 30 32 30 35 30 30 32 39 38 65 35 64 38 37 63 34 34 30 30 30 30 38 30 63 31 0d
              0x02050029  cls=0x00 idx=0 dev=41

    1636.4ms  TX  ──►  [1.3]  54 30 32 30 35 30 30 32 39 38 65 35 64 38 37 63 34 34 30 30 30 30 38 30 63 31 0d
              0x02050029  cls=0x00 idx=0 dev=41

    1656.2ms  TX  ──►  [1.3]  54 30 32 30 35 30 30 32 39 38 65 35 64 38 37 63 34 34 30 30 30 30 38 30 63 31 0d
              0x02050029  cls=0x00 idx=0 dev=41

    1676.0ms  TX  ──►  [1.3]  54 30 32 30 35 30 30 32 39 38 65 35 64 38 37 63 34 34 30 30 30 30 38 30 63 31 0d
              0x02050029  cls=0x00 idx=0 dev=41

    1696.3ms  TX  ──►  [1.3]  54 30 32 30 35 30 30 32 39 38 65 35 64 38 37 63 34 34 30 30 30 30 38 30 63 31 0d
              0x02050029  cls=0x00 idx=0 dev=41

    1716.2ms  TX  ──►  [1.3]  54 30 32 30 35 30 30 32 39 38 65 35 64 38 37 63 34 34 30 30 30 30 38 30 63 31 0d
              0x02050029  cls=0x00 idx=0 dev=41

    1737.2ms  TX  ──►  [1.3]  54 30 32 30 35 30 30 32 39 38 65 35 64 38 37 63 34 34 30 30 30 30 38 30 63 31 0d
              0x02050029  cls=0x00 idx=0 dev=41

    1757.2ms  TX  ──►  [1.3]  54 30 32 30 35 30 30 32 39 38 65 35 64 38 37 63 34 34 30 30 30 30 38 30 63 31 0d
              0x02050029  cls=0x00 idx=0 dev=41

    1777.9ms  TX  ──►  [1.3]  54 30 32 30 35 30 30 32 39 38 65 35 64 38 37 63 34 34 30 30 30 30 38 30 63 31 0d
              0x02050029  cls=0x00 idx=0 dev=41

    1798.6ms  TX  ──►  [1.3]  54 30 32 30 35 30 30 32 39 38 65 35 64 38 37 63 34 34 30 30 30 30 38 30 63 31 0d
              0x02050029  cls=0x00 idx=0 dev=41

    1818.5ms  TX  ──►  [1.3]  54 30 32 30 35 30 30 32 39 38 65 35 64 38 37 63 34 34 30 30 30 30 38 30 63 31 0d
              0x02050029  cls=0x00 idx=0 dev=41

    1838.6ms  TX  ──►  [1.3]  54 30 32 30 35 30 30 32 39 38 65 35 64 38 37 63 34 34 30 30 30 30 38 30 63 31 0d
              0x02050029  cls=0x00 idx=0 dev=41

    1859.4ms  TX  ──►  [1.3]  54 30 32 30 35 30 30 32 39 38 65 35 64 38 37 63 34 34 30 30 30 30 38 30 63 31 0d
              0x02050029  cls=0x00 idx=0 dev=41

    1879.1ms  TX  ──►  [1.3]  54 30 32 30 35 30 30 32 39 38 65 35 64 38 37 63 34 34 30 30 30 30 38 30 63 31 0d
              0x02050029  cls=0x00 idx=0 dev=41

    1899.2ms  TX  ──►  [1.3]  54 30 32 30 35 30 30 32 39 38 65 35 64 38 37 63 34 34 30 30 30 30 38 30 63 31 0d
              0x02050029  cls=0x00 idx=0 dev=41

    1919.8ms  TX  ──►  [1.3]  54 30 32 30 35 30 30 32 39 38 65 35 64 38 37 63 34 34 30 30 30 30 38 30 63 31 0d
              0x02050029  cls=0x00 idx=0 dev=41

    1946.4ms  TX  ──►  [1.3]  54 30 32 30 35 30 30 32 39 38 65 35 64 38 37 63 34 34 30 30 30 30 38 30 63 31 0d
              0x02050029  cls=0x00 idx=0 dev=41

    1971.4ms  TX  ──►  [1.3]  54 30 32 30 35 30 30 32 39 38 65 35 64 38 37 63 34 34 30 30 30 30 38 30 63 31 0d
              0x02050029  cls=0x00 idx=0 dev=41

    1991.4ms  TX  ──►  [1.3]  54 30 32 30 35 30 30 32 39 38 65 35 64 38 37 63 34 34 30 30 30 30 38 30 63 31 0d
              0x02050029  cls=0x00 idx=0 dev=41

    2017.3ms  TX  ──►  [1.3]  54 30 32 30 35 30 30 32 39 38 65 35 64 38 37 63 34 34 30 30 30 30 30 30 30 30 0d
              0x02050029  cls=0x00 idx=0 dev=41

    2043.9ms  TX  ──►  [1.3]  54 30 32 30 35 30 30 32 39 38 65 35 64 38 37 63 34 34 30 30 30 30 30 30 30 30 0d
              0x02050029  cls=0x00 idx=0 dev=41

    2064.7ms  TX  ──►  [1.3]  54 30 32 30 35 30 30 32 39 38 65 35 64 38 37 63 34 34 30 30 30 30 30 30 30 30 0d
              0x02050029  cls=0x00 idx=0 dev=41

    2085.0ms  TX  ──►  [1.3]  54 30 32 30 35 30 30 32 39 38 65 35 64 38 37 63 34 34 30 30 30 30 30 30 30 30 0d
              0x02050029  cls=0x00 idx=0 dev=41

    2113.1ms  TX  ──►  [1.3]  54 30 32 30 35 30 30 32 39 38 65 35 64 38 37 63 34 34 30 30 30 30 30 30 30 30 0d
              0x02050029  cls=0x00 idx=0 dev=41

    2133.3ms  TX  ──►  [1.3]  54 30 32 30 35 30 30 32 39 38 65 35 64 38 37 63 34 34 30 30 30 30 30 30 30 30 0d
              0x02050029  cls=0x00 idx=0 dev=41

    2153.1ms  TX  ──►  [1.3]  54 30 32 30 35 30 30 32 39 38 65 35 64 38 37 63 34 34 30 30 30 30 30 30 30 30 0d
              0x02050029  cls=0x00 idx=0 dev=41

    2173.9ms  TX  ──►  [1.3]  54 30 32 30 35 30 30 32 39 38 65 35 64 38 37 63 34 34 30 30 30 30 30 30 30 30 0d
              0x02050029  cls=0x00 idx=0 dev=41

    2203.3ms  TX  ──►  [1.3]  54 30 32 30 35 30 30 32 39 38 65 35 64 38 37 63 34 34 30 30 30 30 30 30 30 30 0d
              0x02050029  cls=0x00 idx=0 dev=41

    2233.4ms  TX  ──►  [1.3]  54 30 32 30 35 30 30 32 39 38 65 35 64 38 37 63 34 34 30 30 30 30 30 30 30 30 0d
              0x02050029  cls=0x00 idx=0 dev=41

    2253.7ms  TX  ──►  [1.3]  54 30 32 30 35 30 30 32 39 38 65 35 64 38 37 63 34 34 30 30 30 30 30 30 30 30 0d
              0x02050029  cls=0x00 idx=0 dev=41

    2273.9ms  TX  ──►  [1.3]  54 30 32 30 35 30 30 32 39 38 65 35 64 38 37 63 34 34 30 30 30 30 30 30 30 30 0d
              0x02050029  cls=0x00 idx=0 dev=41

    2303.1ms  TX  ──►  [1.3]  54 30 32 30 35 30 30 32 39 38 65 35 64 38 37 63 34 34 30 30 30 30 30 30 30 30 0d
              0x02050029  cls=0x00 idx=0 dev=41

    2323.0ms  TX  ──►  [1.3]  54 30 32 30 35 30 30 32 39 38 65 35 64 38 37 63 34 34 30 30 30 30 30 30 30 30 0d
              0x02050029  cls=0x00 idx=0 dev=41

    2343.1ms  TX  ──►  [1.3]  54 30 32 30 35 30 30 32 39 38 65 35 64 38 37 63 34 34 30 30 30 30 30 30 30 30 0d
              0x02050029  cls=0x00 idx=0 dev=41

    2362.6ms  TX  ──►  [1.3]  54 30 32 30 35 30 30 32 39 38 65 35 64 38 37 63 34 34 30 30 30 30 30 30 30 30 0d
              0x02050029  cls=0x00 idx=0 dev=41

    2382.8ms  TX  ──►  [1.3]  54 30 32 30 35 30 30 32 39 38 65 35 64 38 37 63 34 34 30 30 30 30 30 30 30 30 0d
              0x02050029  cls=0x00 idx=0 dev=41

    2403.3ms  TX  ──►  [1.3]  54 30 32 30 35 30 30 32 39 38 65 35 64 38 37 63 34 34 30 30 30 30 30 30 30 30 0d
              0x02050029  cls=0x00 idx=0 dev=41

    2422.4ms  TX  ──►  [1.3]  54 30 32 30 35 30 30 32 39 38 65 35 64 38 37 63 34 34 30 30 30 30 30 30 30 30 0d
              0x02050029  cls=0x00 idx=0 dev=41

    2442.8ms  TX  ──►  [1.3]  54 30 32 30 35 30 30 32 39 38 65 35 64 38 37 63 34 34 30 30 30 30 30 30 30 30 0d
              0x02050029  cls=0x00 idx=0 dev=41

    2463.3ms  TX  ──►  [1.3]  54 30 32 30 35 30 30 32 39 38 65 35 64 38 37 63 34 34 30 30 30 30 30 30 30 30 0d
              0x02050029  cls=0x00 idx=0 dev=41

    2483.7ms  TX  ──►  [1.3]  54 30 32 30 35 30 30 32 39 38 65 35 64 38 37 63 34 34 30 30 30 30 30 30 30 30 0d
              0x02050029  cls=0x00 idx=0 dev=41

    2513.3ms  TX  ──►  [1.3]  54 30 32 30 35 30 30 32 39 38 65 35 64 38 37 63 34 34 30 30 30 30 30 30 30 30 0d
              0x02050029  cls=0x00 idx=0 dev=41

    2533.5ms  TX  ──►  [1.3]  54 30 32 30 35 30 30 32 39 38 65 35 64 38 37 63 34 34 30 30 30 30 30 30 30 30 0d
              0x02050029  cls=0x00 idx=0 dev=41

    2563.5ms  TX  ──►  [1.3]  54 30 32 30 35 30 30 32 39 38 65 35 64 38 37 63 34 34 30 30 30 30 30 30 30 30 0d
              0x02050029  cls=0x00 idx=0 dev=41

    2584.1ms  TX  ──►  [1.3]  54 30 32 30 35 30 30 32 39 38 65 35 64 38 37 63 34 34 30 30 30 30 30 30 30 30 0d
              0x02050029  cls=0x00 idx=0 dev=41

    2613.7ms  TX  ──►  [1.3]  54 30 32 30 35 30 30 32 39 38 65 35 64 38 37 63 34 34 30 30 30 30 30 30 30 30 0d
              0x02050029  cls=0x00 idx=0 dev=41

    2633.7ms  TX  ──►  [1.3]  54 30 32 30 35 30 30 32 39 38 65 35 64 38 37 63 34 34 30 30 30 30 30 30 30 30 0d
              0x02050029  cls=0x00 idx=0 dev=41

    2653.4ms  TX  ──►  [1.3]  54 30 32 30 35 30 30 32 39 38 65 35 64 38 37 63 34 34 30 30 30 30 30 30 30 30 0d
              0x02050029  cls=0x00 idx=0 dev=41

    2674.6ms  TX  ──►  [1.3]  54 30 32 30 35 30 30 32 39 38 65 35 64 38 37 63 34 34 30 30 30 30 30 30 30 30 0d
              0x02050029  cls=0x00 idx=0 dev=41

    2703.4ms  TX  ──►  [1.3]  54 30 32 30 35 30 30 32 39 38 65 35 64 38 37 63 34 34 30 30 30 30 30 30 30 30 0d
              0x02050029  cls=0x00 idx=0 dev=41

    2723.8ms  TX  ──►  [1.3]  54 30 32 30 35 30 30 32 39 38 65 35 64 38 37 63 34 34 30 30 30 30 30 30 30 30 0d
              0x02050029  cls=0x00 idx=0 dev=41

    2753.0ms  TX  ──►  [1.3]  54 30 32 30 35 30 30 32 39 38 65 35 64 38 37 63 34 34 30 30 30 30 30 30 30 30 0d
              0x02050029  cls=0x00 idx=0 dev=41

    2773.9ms  TX  ──►  [1.3]  54 30 32 30 35 30 30 32 39 38 65 35 64 38 37 63 34 34 30 30 30 30 30 30 30 30 0d
              0x02050029  cls=0x00 idx=0 dev=41

    2803.1ms  TX  ──►  [1.3]  54 30 32 30 35 30 30 32 39 38 65 35 64 38 37 63 34 34 30 30 30 30 30 30 30 30 0d
              0x02050029  cls=0x00 idx=0 dev=41

    2824.1ms  TX  ──►  [1.3]  54 30 32 30 35 30 30 32 39 38 65 35 64 38 37 63 34 34 30 30 30 30 30 30 30 30 0d
              0x02050029  cls=0x00 idx=0 dev=41

    2853.5ms  TX  ──►  [1.3]  54 30 32 30 35 30 30 32 39 38 65 35 64 38 37 63 34 34 30 30 30 30 30 30 30 30 0d
              0x02050029  cls=0x00 idx=0 dev=41

    2874.1ms  TX  ──►  [1.3]  54 30 32 30 35 30 30 32 39 38 65 35 64 38 37 63 34 34 30 30 30 30 30 30 30 30 0d
              0x02050029  cls=0x00 idx=0 dev=41

    2903.2ms  TX  ──►  [1.3]  54 30 32 30 35 30 30 32 39 38 65 35 64 38 37 63 34 34 30 30 30 30 30 30 30 30 0d
              0x02050029  cls=0x00 idx=0 dev=41

    2923.8ms  TX  ──►  [1.3]  54 30 32 30 35 30 30 32 39 38 65 35 64 38 37 63 34 34 30 30 30 30 30 30 30 30 0d
              0x02050029  cls=0x00 idx=0 dev=41

    2952.9ms  TX  ──►  [1.3]  54 30 32 30 35 30 30 32 39 38 65 35 64 38 37 63 34 34 30 30 30 30 30 30 30 30 0d
              0x02050029  cls=0x00 idx=0 dev=41

    2973.9ms  TX  ──►  [1.3]  54 30 32 30 35 30 30 32 39 38 65 35 64 38 37 63 34 34 30 30 30 30 30 30 30 30 0d
              0x02050029  cls=0x00 idx=0 dev=41

    3003.4ms  TX  ──►  [1.3]  54 30 32 30 35 30 30 32 39 38 65 35 64 38 37 63 34 34 30 30 30 30 30 30 30 30 0d
              0x02050029  cls=0x00 idx=0 dev=41

    3031.7ms  TX  ──►  [1.3]  54 30 32 30 35 30 30 32 39 38 65 35 64 38 37 63 34 34 30 30 30 30 30 30 30 30 0d
              0x02050029  cls=0x00 idx=0 dev=41

    3051.8ms  TX  ──►  [1.3]  54 30 32 30 35 30 30 32 39 38 65 35 64 38 37 63 34 34 30 30 30 30 30 30 30 30 0d
              0x02050029  cls=0x00 idx=0 dev=41

    3080.0ms  TX  ──►  [1.3]  54 30 32 30 35 30 30 32 39 38 65 35 64 38 37 63 34 34 30 30 30 30 30 30 30 30 0d
              0x02050029  cls=0x00 idx=0 dev=41

    3100.8ms  TX  ──►  [1.3]  54 30 32 30 35 30 30 32 39 38 65 35 64 38 37 63 34 34 30 30 30 30 30 30 30 30 0d
              0x02050029  cls=0x00 idx=0 dev=41

    3130.1ms  TX  ──►  [1.3]  54 30 32 30 35 30 30 32 39 38 65 35 64 38 37 63 34 34 30 30 30 30 30 30 30 30 0d
              0x02050029  cls=0x00 idx=0 dev=41

    3150.6ms  TX  ──►  [1.3]  54 30 32 30 35 30 30 32 39 38 65 35 64 38 37 63 34 34 30 30 30 30 30 30 30 30 0d
              0x02050029  cls=0x00 idx=0 dev=41

    3179.3ms  TX  ──►  [1.3]  54 30 32 30 35 30 30 32 39 38 65 35 64 38 37 63 34 34 30 30 30 30 30 30 30 30 0d
              0x02050029  cls=0x00 idx=0 dev=41

    3199.5ms  TX  ──►  [1.3]  54 30 32 30 35 30 30 32 39 38 65 35 64 38 37 63 34 34 30 30 30 30 30 30 30 30 0d
              0x02050029  cls=0x00 idx=0 dev=41

    3219.7ms  TX  ──►  [1.3]  54 30 32 30 35 30 30 32 39 38 65 35 64 38 37 63 34 34 30 30 30 30 30 30 30 30 0d
              0x02050029  cls=0x00 idx=0 dev=41

    3240.2ms  TX  ──►  [1.3]  54 30 32 30 35 30 30 32 39 38 65 35 64 38 37 63 34 34 30 30 30 30 30 30 30 30 0d
              0x02050029  cls=0x00 idx=0 dev=41

    3260.3ms  TX  ──►  [1.3]  54 30 32 30 35 30 30 32 39 38 65 35 64 38 37 63 34 34 30 30 30 30 30 30 30 30 0d
              0x02050029  cls=0x00 idx=0 dev=41

    3280.8ms  TX  ──►  [1.3]  54 30 32 30 35 30 30 32 39 38 65 35 64 38 37 63 34 34 30 30 30 30 30 30 30 30 0d
              0x02050029  cls=0x00 idx=0 dev=41

    3301.5ms  TX  ──►  [1.3]  54 30 32 30 35 30 30 32 39 38 65 35 64 38 37 63 34 34 30 30 30 30 30 30 30 30 0d
              0x02050029  cls=0x00 idx=0 dev=41

    3330.4ms  TX  ──►  [1.3]  54 30 32 30 35 30 30 32 39 38 65 35 64 38 37 63 34 34 30 30 30 30 30 30 30 30 0d
              0x02050029  cls=0x00 idx=0 dev=41

    3350.2ms  TX  ──►  [1.3]  54 30 32 30 35 30 30 32 39 38 65 35 64 38 37 63 34 34 30 30 30 30 30 30 30 30 0d
              0x02050029  cls=0x00 idx=0 dev=41

    3369.6ms  TX  ──►  [1.3]  54 30 32 30 35 30 30 32 39 38 65 35 64 38 37 63 34 34 30 30 30 30 30 30 30 30 0d
              0x02050029  cls=0x00 idx=0 dev=41

    3390.4ms  TX  ──►  [1.3]  54 30 32 30 35 30 30 32 39 38 65 35 64 38 37 63 34 34 30 30 30 30 30 30 30 30 0d
              0x02050029  cls=0x00 idx=0 dev=41

    3409.5ms  TX  ──►  [1.3]  54 30 32 30 35 30 30 32 39 38 65 35 64 38 37 63 34 34 30 30 30 30 30 30 30 30 0d
              0x02050029  cls=0x00 idx=0 dev=41

    3430.1ms  TX  ──►  [1.3]  54 30 32 30 35 30 30 32 39 38 65 35 64 38 37 63 34 34 30 30 30 30 30 30 30 30 0d
              0x02050029  cls=0x00 idx=0 dev=41

    3451.1ms  TX  ──►  [1.3]  54 30 32 30 35 30 30 32 39 38 65 35 64 38 37 63 34 34 30 30 30 30 30 30 30 30 0d
              0x02050029  cls=0x00 idx=0 dev=41

    3480.6ms  TX  ──►  [1.3]  54 30 32 30 35 30 30 32 39 38 65 35 64 38 37 63 34 34 30 30 30 30 30 30 30 30 0d
              0x02050029  cls=0x00 idx=0 dev=41

    3500.8ms  TX  ──►  [1.3]  54 30 32 30 35 30 30 32 39 38 65 35 64 38 37 63 34 34 30 30 30 30 30 30 30 30 0d
              0x02050029  cls=0x00 idx=0 dev=41

    3530.4ms  TX  ──►  [1.3]  54 30 32 30 35 30 30 32 39 38 65 35 64 38 37 63 34 34 30 30 30 30 30 30 30 30 0d
              0x02050029  cls=0x00 idx=0 dev=41

    3550.7ms  TX  ──►  [1.3]  54 30 32 30 35 30 30 32 39 38 65 35 64 38 37 63 34 34 30 30 30 30 30 30 30 30 0d
              0x02050029  cls=0x00 idx=0 dev=41

    3580.1ms  TX  ──►  [1.3]  54 30 32 30 35 30 30 32 39 38 65 35 64 38 37 63 34 34 30 30 30 30 30 30 30 30 0d
              0x02050029  cls=0x00 idx=0 dev=41

    3600.2ms  TX  ──►  [1.3]  54 30 32 30 35 30 30 32 39 38 65 35 64 38 37 63 34 34 30 30 30 30 30 30 30 30 0d
              0x02050029  cls=0x00 idx=0 dev=41

    3619.8ms  TX  ──►  [1.3]  54 30 32 30 35 30 30 32 39 38 65 35 64 38 37 63 34 34 30 30 30 30 30 30 30 30 0d
              0x02050029  cls=0x00 idx=0 dev=41

    3639.6ms  TX  ──►  [1.3]  54 30 32 30 35 30 30 32 39 38 65 35 64 38 37 63 34 34 30 30 30 30 30 30 30 30 0d
              0x02050029  cls=0x00 idx=0 dev=41

    3659.7ms  TX  ──►  [1.3]  54 30 32 30 35 30 30 32 39 38 65 35 64 38 37 63 34 34 30 30 30 30 30 30 30 30 0d
              0x02050029  cls=0x00 idx=0 dev=41

    3689.6ms  TX  ──►  [1.3]  54 30 32 30 35 30 30 32 39 38 65 35 64 38 37 63 34 34 30 30 30 30 30 30 30 30 0d
              0x02050029  cls=0x00 idx=0 dev=41

    3709.5ms  TX  ──►  [1.3]  54 30 32 30 35 30 30 32 39 38 65 35 64 38 37 63 34 34 30 30 30 30 30 30 30 30 0d
              0x02050029  cls=0x00 idx=0 dev=41

    3730.2ms  TX  ──►  [1.3]  54 30 32 30 35 30 30 32 39 38 65 35 64 38 37 63 34 34 30 30 30 30 30 30 30 30 0d
              0x02050029  cls=0x00 idx=0 dev=41

    3751.1ms  TX  ──►  [1.3]  54 30 32 30 35 30 30 32 39 38 65 35 64 38 37 63 34 34 30 30 30 30 30 30 30 30 0d
              0x02050029  cls=0x00 idx=0 dev=41

    3780.5ms  TX  ──►  [1.3]  54 30 32 30 35 30 30 32 39 38 65 35 64 38 37 63 34 34 30 30 30 30 30 30 30 30 0d
              0x02050029  cls=0x00 idx=0 dev=41

    3800.3ms  TX  ──►  [1.3]  54 30 32 30 35 30 30 32 39 38 65 35 64 38 37 63 34 34 30 30 30 30 30 30 30 30 0d
              0x02050029  cls=0x00 idx=0 dev=41

    3830.3ms  TX  ──►  [1.3]  54 30 32 30 35 30 30 32 39 38 65 35 64 38 37 63 34 34 30 30 30 30 30 30 30 30 0d
              0x02050029  cls=0x00 idx=0 dev=41

    3851.1ms  TX  ──►  [1.3]  54 30 32 30 35 30 30 32 39 38 65 35 64 38 37 63 34 34 30 30 30 30 30 30 30 30 0d
              0x02050029  cls=0x00 idx=0 dev=41

    3879.9ms  TX  ──►  [1.3]  54 30 32 30 35 30 30 32 39 38 65 35 64 38 37 63 34 34 30 30 30 30 30 30 30 30 0d
              0x02050029  cls=0x00 idx=0 dev=41

    3900.7ms  TX  ──►  [1.3]  54 30 32 30 35 30 30 32 39 38 65 35 64 38 37 63 34 34 30 30 30 30 30 30 30 30 0d
              0x02050029  cls=0x00 idx=0 dev=41

    3930.2ms  TX  ──►  [1.3]  54 30 32 30 35 30 30 32 39 38 65 35 64 38 37 63 34 34 30 30 30 30 30 30 30 30 0d
              0x02050029  cls=0x00 idx=0 dev=41

    3950.6ms  TX  ──►  [1.3]  54 30 32 30 35 30 30 32 39 38 65 35 64 38 37 63 34 34 30 30 30 30 30 30 30 30 0d
              0x02050029  cls=0x00 idx=0 dev=41

    3970.7ms  TX  ──►  [1.3]  54 30 32 30 35 30 30 32 39 38 65 35 64 38 37 63 34 34 30 30 30 30 30 30 30 30 0d
              0x02050029  cls=0x00 idx=0 dev=41

    3991.4ms  TX  ──►  [1.3]  54 30 32 30 35 30 30 32 39 38 65 35 64 38 37 63 34 34 30 30 30 30 30 30 30 30 0d
              0x02050029  cls=0x00 idx=0 dev=41

    4011.2ms  TX  ──►  [1.3]  54 30 32 30 35 30 30 32 39 38 65 35 64 38 37 63 34 34 30 30 30 30 30 30 30 30 0d
              0x02050029  cls=0x00 idx=0 dev=41

    4031.9ms  TX  ──►  [1.3]  54 30 32 30 35 30 30 32 39 38 65 35 64 38 37 63 34 34 30 30 30 30 30 30 30 30 0d
              0x02050029  cls=0x00 idx=0 dev=41

    4052.6ms  TX  ──►  [1.3]  54 30 32 30 35 30 30 32 39 38 65 35 64 38 37 63 34 34 30 30 30 30 30 30 30 30 0d
              0x02050029  cls=0x00 idx=0 dev=41

    4072.5ms  TX  ──►  [1.3]  54 30 32 30 35 30 30 32 39 38 65 35 64 38 37 63 34 34 30 30 30 30 30 30 30 30 0d
              0x02050029  cls=0x00 idx=0 dev=41

    4092.7ms  TX  ──►  [1.3]  54 30 32 30 35 30 30 32 39 38 65 35 64 38 37 63 34 34 30 30 30 30 30 30 30 30 0d
              0x02050029  cls=0x00 idx=0 dev=41

    4120.8ms  TX  ──►  [1.3]  54 30 32 30 35 30 30 32 39 38 65 35 64 38 37 63 34 34 30 30 30 30 30 30 30 30 0d
              0x02050029  cls=0x00 idx=0 dev=41

    4145.3ms  TX  ──►  [1.3]  54 30 32 30 35 30 30 32 39 38 65 35 64 38 37 63 34 34 30 30 30 30 30 30 30 30 0d
              0x02050029  cls=0x00 idx=0 dev=41

    4173.9ms  TX  ──►  [1.3]  54 30 32 30 35 30 30 32 39 38 65 35 64 38 37 63 34 34 30 30 30 30 30 30 30 30 0d
              0x02050029  cls=0x00 idx=0 dev=41

    4195.1ms  TX  ──►  [1.3]  54 30 32 30 35 30 30 32 39 38 65 35 64 38 37 63 34 34 30 30 30 30 30 30 30 30 0d
              0x02050029  cls=0x00 idx=0 dev=41

    4215.1ms  TX  ──►  [1.3]  54 30 32 30 35 30 30 32 39 38 65 35 64 38 37 63 34 34 30 30 30 30 30 30 30 30 0d
              0x02050029  cls=0x00 idx=0 dev=41

    4235.3ms  TX  ──►  [1.3]  54 30 32 30 35 30 30 32 39 38 65 35 64 38 37 63 34 34 30 30 30 30 30 30 30 30 0d
              0x02050029  cls=0x00 idx=0 dev=41

    4256.2ms  TX  ──►  [1.3]  54 30 32 30 35 30 30 32 39 38 65 35 64 38 37 63 34 34 30 30 30 30 30 30 30 30 0d
              0x02050029  cls=0x00 idx=0 dev=41

    4276.5ms  TX  ──►  [1.3]  54 30 32 30 35 30 30 32 39 38 65 35 64 38 37 63 34 34 30 30 30 30 30 30 30 30 0d
              0x02050029  cls=0x00 idx=0 dev=41

    4296.8ms  TX  ──►  [1.3]  54 30 32 30 35 30 30 32 39 38 65 35 64 38 37 63 34 34 30 30 30 30 30 30 30 30 0d
              0x02050029  cls=0x00 idx=0 dev=41

    4317.6ms  TX  ──►  [1.3]  54 30 32 30 35 30 30 32 39 38 65 35 64 38 37 63 34 34 30 30 30 30 30 30 30 30 0d
              0x02050029  cls=0x00 idx=0 dev=41

    4337.3ms  TX  ──►  [1.3]  54 30 32 30 35 30 30 32 39 38 65 35 64 38 37 63 34 34 30 30 30 30 30 30 30 30 0d
              0x02050029  cls=0x00 idx=0 dev=41

    4357.4ms  TX  ──►  [1.3]  54 30 32 30 35 30 30 32 39 38 65 35 64 38 37 63 34 34 30 30 30 30 30 30 30 30 0d
              0x02050029  cls=0x00 idx=0 dev=41

    4377.8ms  TX  ──►  [1.3]  54 30 32 30 35 30 30 32 39 38 65 35 64 38 37 63 34 34 30 30 30 30 30 30 30 30 0d
              0x02050029  cls=0x00 idx=0 dev=41

    4397.5ms  TX  ──►  [1.3]  54 30 32 30 35 30 30 32 39 38 65 35 64 38 37 63 34 34 30 30 30 30 30 30 30 30 0d
              0x02050029  cls=0x00 idx=0 dev=41

    4427.2ms  TX  ──►  [1.3]  54 30 32 30 35 30 30 32 39 38 65 35 64 38 37 63 34 34 30 30 30 30 30 30 30 30 0d
              0x02050029  cls=0x00 idx=0 dev=41

    4447.2ms  TX  ──►  [1.3]  54 30 32 30 35 30 30 32 39 38 65 35 64 38 37 63 34 34 30 30 30 30 30 30 30 30 0d
              0x02050029  cls=0x00 idx=0 dev=41

    4468.2ms  TX  ──►  [1.3]  54 30 32 30 35 30 30 32 39 38 65 35 64 38 37 63 34 34 30 30 30 30 30 30 30 30 0d
              0x02050029  cls=0x00 idx=0 dev=41

    4488.4ms  TX  ──►  [1.3]  54 30 32 30 35 30 30 32 39 38 65 35 64 38 37 63 34 34 30 30 30 30 30 30 30 30 0d
              0x02050029  cls=0x00 idx=0 dev=41

    4509.1ms  TX  ──►  [1.3]  54 30 32 30 35 30 30 32 39 38 65 35 64 38 37 63 34 34 30 30 30 30 30 30 30 30 0d
              0x02050029  cls=0x00 idx=0 dev=41

    4529.5ms  TX  ──►  [1.3]  54 30 32 30 35 30 30 32 39 38 65 35 64 38 37 63 34 34 30 30 30 30 30 30 30 30 0d
              0x02050029  cls=0x00 idx=0 dev=41

    4550.0ms  TX  ──►  [1.3]  54 30 32 30 35 30 30 32 39 38 65 35 64 38 37 63 34 34 30 30 30 30 30 30 30 30 0d
              0x02050029  cls=0x00 idx=0 dev=41

    4570.4ms  TX  ──►  [1.3]  54 30 32 30 35 30 30 32 39 38 65 35 64 38 37 63 34 34 30 30 30 30 30 30 30 30 0d
              0x02050029  cls=0x00 idx=0 dev=41

    4591.1ms  TX  ──►  [1.3]  54 30 32 30 35 30 30 32 39 38 65 35 64 38 37 63 34 34 30 30 30 30 30 30 30 30 0d
              0x02050029  cls=0x00 idx=0 dev=41

    4611.4ms  TX  ──►  [1.3]  54 30 32 30 35 30 30 32 39 38 65 35 64 38 37 63 34 34 30 30 30 30 30 30 30 30 0d
              0x02050029  cls=0x00 idx=0 dev=41

    4631.6ms  TX  ──►  [1.3]  54 30 32 30 35 30 30 32 39 38 65 35 64 38 37 63 34 34 30 30 30 30 30 30 30 30 0d
              0x02050029  cls=0x00 idx=0 dev=41

    4658.4ms  TX  ──►  [1.3]  54 30 32 30 35 30 30 32 39 38 65 35 64 38 37 63 34 34 30 30 30 30 30 30 30 30 0d
              0x02050029  cls=0x00 idx=0 dev=41

    4693.0ms  TX  ──►  [1.3]  54 30 32 30 35 30 30 32 39 38 65 35 64 38 37 63 34 34 30 30 30 30 30 30 30 30 0d
              0x02050029  cls=0x00 idx=0 dev=41

    4720.1ms  TX  ──►  [1.3]  54 30 32 30 35 30 30 32 39 38 65 35 64 38 37 63 34 34 30 30 30 30 30 30 30 30 0d
              0x02050029  cls=0x00 idx=0 dev=41

    4745.5ms  TX  ──►  [1.3]  54 30 32 30 35 30 30 32 39 38 65 35 64 38 37 63 34 34 30 30 30 30 30 30 30 30 0d
              0x02050029  cls=0x00 idx=0 dev=41

    4765.3ms  TX  ──►  [1.3]  54 30 32 30 35 30 30 32 39 38 65 35 64 38 37 63 34 34 30 30 30 30 30 30 30 30 0d
              0x02050029  cls=0x00 idx=0 dev=41

    4785.5ms  TX  ──►  [1.3]  54 30 32 30 35 30 30 32 39 38 65 35 64 38 37 63 34 34 30 30 30 30 30 30 30 30 0d
              0x02050029  cls=0x00 idx=0 dev=41

    4820.2ms  TX  ──►  [1.3]  54 30 32 30 35 30 30 32 39 38 65 35 64 38 37 63 34 34 30 30 30 30 30 30 30 30 0d
              0x02050029  cls=0x00 idx=0 dev=41

    4840.7ms  TX  ──►  [1.3]  54 30 32 30 35 30 30 32 39 38 65 35 64 38 37 63 34 34 30 30 30 30 30 30 30 30 0d
              0x02050029  cls=0x00 idx=0 dev=41

    4869.7ms  TX  ──►  [1.3]  54 30 32 30 35 30 30 32 39 38 65 35 64 38 37 63 34 34 30 30 30 30 30 30 30 30 0d
              0x02050029  cls=0x00 idx=0 dev=41

    4898.8ms  TX  ──►  [1.3]  54 30 32 30 35 30 30 32 39 38 65 35 64 38 37 63 34 34 30 30 30 30 30 30 30 30 0d
              0x02050029  cls=0x00 idx=0 dev=41

    4919.7ms  TX  ──►  [1.3]  54 30 32 30 35 30 30 32 39 38 65 35 64 38 37 63 34 34 30 30 30 30 30 30 30 30 0d
              0x02050029  cls=0x00 idx=0 dev=41

    4946.1ms  TX  ──►  [1.3]  54 30 32 30 35 30 30 32 39 38 65 35 64 38 37 63 34 34 30 30 30 30 30 30 30 30 0d
              0x02050029  cls=0x00 idx=0 dev=41

    4969.7ms  TX  ──►  [1.3]  54 30 32 30 35 30 30 32 39 38 65 35 64 38 37 63 34 34 30 30 30 30 30 30 30 30 0d
              0x02050029  cls=0x00 idx=0 dev=41

    4995.7ms  TX  ──►  [1.3]  54 30 32 30 35 30 30 32 39 38 65 35 64 38 37 63 34 34 30 30 30 30 30 30 30 30 0d
              0x02050029  cls=0x00 idx=0 dev=41

    5028.0ms  TX  ──►  [1.3]  54 30 32 30 35 30 30 32 39 38 65 35 64 38 37 63 34 34 30 30 30 30 30 30 30 30 0d
              0x02050029  cls=0x00 idx=0 dev=41

    5052.6ms  TX  ──►  [1.3]  54 30 32 30 35 30 30 32 39 38 65 35 64 38 37 63 34 34 30 30 30 30 30 30 30 30 0d
              0x02050029  cls=0x00 idx=0 dev=41

    5088.8ms  TX  ──►  [1.3]  54 30 32 30 35 30 30 32 39 38 65 35 64 38 37 63 34 34 30 30 30 30 30 30 30 30 0d
              0x02050029  cls=0x00 idx=0 dev=41

    5110.3ms  TX  ──►  [1.3]  54 30 32 30 35 30 30 32 39 38 65 35 64 38 37 63 34 34 30 30 30 30 30 30 30 30 0d
              0x02050029  cls=0x00 idx=0 dev=41

    5129.6ms  TX  ──►  [1.3]  54 30 32 30 35 30 30 32 39 38 65 35 64 38 37 63 34 34 30 30 30 30 30 30 30 30 0d
              0x02050029  cls=0x00 idx=0 dev=41

    5163.7ms  TX  ──►  [1.3]  54 30 32 30 35 30 30 32 39 38 65 35 64 38 37 63 34 34 30 30 30 30 30 30 30 30 0d
              0x02050029  cls=0x00 idx=0 dev=41

    5185.5ms  TX  ──►  [1.3]  54 30 32 30 35 30 30 32 39 38 65 35 64 38 37 63 34 34 30 30 30 30 30 30 30 30 0d
              0x02050029  cls=0x00 idx=0 dev=41

    5212.6ms  TX  ──►  [1.3]  54 30 32 30 35 30 30 32 39 38 65 35 64 38 37 63 34 34 30 30 30 30 30 30 30 30 0d
              0x02050029  cls=0x00 idx=0 dev=41

    5233.5ms  TX  ──►  [1.3]  54 30 32 30 35 30 30 32 39 38 65 35 64 38 37 63 34 34 30 30 30 30 30 30 30 30 0d
              0x02050029  cls=0x00 idx=0 dev=41

    5252.9ms  TX  ──►  [1.3]  54 30 32 30 35 30 30 32 39 38 65 35 64 38 37 63 34 34 30 30 30 30 30 30 30 30 0d
              0x02050029  cls=0x00 idx=0 dev=41

    5280.9ms  TX  ──►  [1.3]  54 30 32 30 35 30 30 32 39 38 65 35 64 38 37 63 34 34 30 30 30 30 30 30 30 30 0d
              0x02050029  cls=0x00 idx=0 dev=41

    5308.1ms  TX  ──►  [1.3]  54 30 32 30 35 30 30 32 39 38 65 35 64 38 37 63 34 34 30 30 30 30 30 30 30 30 0d
              0x02050029  cls=0x00 idx=0 dev=41

    5334.6ms  TX  ──►  [1.3]  54 30 32 30 35 30 30 32 39 38 65 35 64 38 37 63 34 34 30 30 30 30 30 30 30 30 0d
              0x02050029  cls=0x00 idx=0 dev=41

    5362.5ms  TX  ──►  [1.3]  54 30 32 30 35 30 30 32 39 38 65 35 64 38 37 63 34 34 30 30 30 30 30 30 30 30 0d
              0x02050029  cls=0x00 idx=0 dev=41

    5383.5ms  TX  ──►  [1.3]  54 30 32 30 35 30 30 32 39 38 65 35 64 38 37 63 34 34 30 30 30 30 30 30 30 30 0d
              0x02050029  cls=0x00 idx=0 dev=41

    5418.9ms  TX  ──►  [1.3]  54 30 32 30 35 30 30 32 39 38 65 35 64 38 37 63 34 34 30 30 30 30 30 30 30 30 0d
              0x02050029  cls=0x00 idx=0 dev=41

    5439.7ms  TX  ──►  [1.3]  54 30 32 30 35 30 30 32 39 38 65 35 64 38 37 63 34 34 30 30 30 30 30 30 30 30 0d
              0x02050029  cls=0x00 idx=0 dev=41

    5459.8ms  TX  ──►  [1.3]  54 30 32 30 35 30 30 32 39 38 65 35 64 38 37 63 34 34 30 30 30 30 30 30 30 30 0d
              0x02050029  cls=0x00 idx=0 dev=41

    5487.4ms  TX  ──►  [1.3]  54 30 32 30 35 30 30 32 39 38 65 35 64 38 37 63 34 34 30 30 30 30 30 30 30 30 0d
              0x02050029  cls=0x00 idx=0 dev=41

    5509.2ms  TX  ──►  [1.3]  54 30 32 30 35 30 30 32 39 38 65 35 64 38 37 63 34 34 30 30 30 30 30 30 30 30 0d
              0x02050029  cls=0x00 idx=0 dev=41

    5529.1ms  TX  ──►  [1.3]  54 30 32 30 35 30 30 32 39 38 65 35 64 38 37 63 34 34 30 30 30 30 30 30 30 30 0d
              0x02050029  cls=0x00 idx=0 dev=41

    5549.9ms  TX  ──►  [1.3]  54 30 32 30 35 30 30 32 39 38 65 35 64 38 37 63 34 34 30 30 30 30 30 30 30 30 0d
              0x02050029  cls=0x00 idx=0 dev=41

    5569.7ms  TX  ──►  [1.3]  54 30 32 30 35 30 30 32 39 38 65 35 64 38 37 63 34 34 30 30 30 30 30 30 30 30 0d
              0x02050029  cls=0x00 idx=0 dev=41

    5590.2ms  TX  ──►  [1.3]  54 30 32 30 35 30 30 32 39 38 65 35 64 38 37 63 34 34 30 30 30 30 30 30 30 30 0d
              0x02050029  cls=0x00 idx=0 dev=41

    5609.9ms  TX  ──►  [1.3]  54 30 32 30 35 30 30 32 39 38 65 35 64 38 37 63 34 34 30 30 30 30 30 30 30 30 0d
              0x02050029  cls=0x00 idx=0 dev=41

    5629.7ms  TX  ──►  [1.3]  54 30 32 30 35 30 30 32 39 38 65 35 64 38 37 63 34 34 30 30 30 30 30 30 30 30 0d
              0x02050029  cls=0x00 idx=0 dev=41

    5650.2ms  TX  ──►  [1.3]  54 30 32 30 35 30 30 32 39 38 65 35 64 38 37 63 34 34 30 30 30 30 30 30 30 30 0d
              0x02050029  cls=0x00 idx=0 dev=41

    5670.1ms  TX  ──►  [1.3]  54 30 32 30 35 30 30 32 39 38 65 35 64 38 37 63 34 34 30 30 30 30 30 30 30 30 0d
              0x02050029  cls=0x00 idx=0 dev=41

    5689.8ms  TX  ──►  [1.3]  54 30 32 30 35 30 30 32 39 38 65 35 64 38 37 63 34 34 30 30 30 30 30 30 30 30 0d
              0x02050029  cls=0x00 idx=0 dev=41

    5709.3ms  TX  ──►  [1.3]  54 30 32 30 35 30 30 32 39 38 65 35 64 38 37 63 34 34 30 30 30 30 30 30 30 30 0d
              0x02050029  cls=0x00 idx=0 dev=41

    5739.7ms  TX  ──►  [1.3]  54 30 32 30 35 30 30 32 39 38 65 35 64 38 37 63 34 34 30 30 30 30 30 30 30 30 0d
              0x02050029  cls=0x00 idx=0 dev=41

    5759.5ms  TX  ──►  [1.3]  54 30 32 30 35 30 30 32 39 38 65 35 64 38 37 63 34 34 30 30 30 30 30 30 30 30 0d
              0x02050029  cls=0x00 idx=0 dev=41

    5779.8ms  TX  ──►  [1.3]  54 30 32 30 35 30 30 32 39 38 65 35 64 38 37 63 34 34 30 30 30 30 30 30 30 30 0d
              0x02050029  cls=0x00 idx=0 dev=41

    5800.3ms  TX  ──►  [1.3]  54 30 32 30 35 30 30 32 39 38 65 35 64 38 37 63 34 34 30 30 30 30 30 30 30 30 0d
              0x02050029  cls=0x00 idx=0 dev=41

    5829.9ms  TX  ──►  [1.3]  54 30 32 30 35 30 30 32 39 38 65 35 64 38 37 63 34 34 30 30 30 30 30 30 30 30 0d
              0x02050029  cls=0x00 idx=0 dev=41

    5850.5ms  TX  ──►  [1.3]  54 30 32 30 35 30 30 32 39 38 65 35 64 38 37 63 34 34 30 30 30 30 30 30 30 30 0d
              0x02050029  cls=0x00 idx=0 dev=41

    5869.8ms  TX  ──►  [1.3]  54 30 32 30 35 30 30 32 39 38 65 35 64 38 37 63 34 34 30 30 30 30 30 30 30 30 0d
              0x02050029  cls=0x00 idx=0 dev=41

    5890.5ms  TX  ──►  [1.3]  54 30 32 30 35 30 30 32 39 38 65 35 64 38 37 63 34 34 30 30 30 30 30 30 30 30 0d
              0x02050029  cls=0x00 idx=0 dev=41

    5919.4ms  TX  ──►  [1.3]  54 30 32 30 35 30 30 32 39 38 65 35 64 38 37 63 34 34 30 30 30 30 30 30 30 30 0d
              0x02050029  cls=0x00 idx=0 dev=41

    5940.1ms  TX  ──►  [1.3]  54 30 32 30 35 30 30 32 39 38 65 35 64 38 37 63 34 34 30 30 30 30 30 30 30 30 0d
              0x02050029  cls=0x00 idx=0 dev=41

    5960.5ms  TX  ──►  [1.3]  54 30 32 30 35 30 30 32 39 38 65 35 64 38 37 63 34 34 30 30 30 30 30 30 30 30 0d
              0x02050029  cls=0x00 idx=0 dev=41

    5981.1ms  TX  ──►  [1.3]  54 30 32 30 35 30 30 32 39 38 65 35 64 38 37 63 34 34 30 30 30 30 30 30 30 30 0d
              0x02050029  cls=0x00 idx=0 dev=41

    6001.8ms  TX  ──►  [1.3]  54 30 32 30 35 30 30 32 39 38 65 35 64 38 37 63 34 34 30 30 30 30 30 30 30 30 0d
              0x02050029  cls=0x00 idx=0 dev=41

    6030.6ms  TX  ──►  [1.3]  54 30 32 30 35 30 30 32 39 38 65 35 64 38 37 63 34 34 30 30 30 30 30 30 30 30 0d
              0x02050029  cls=0x00 idx=0 dev=41

    6050.3ms  TX  ──►  [1.3]  54 30 32 30 35 30 30 32 39 38 65 35 64 38 37 63 34 34 30 30 30 30 30 30 30 30 0d
              0x02050029  cls=0x00 idx=0 dev=41

    6079.7ms  TX  ──►  [1.3]  54 30 32 30 35 30 30 32 39 38 65 35 64 38 37 63 34 34 30 30 30 30 30 30 30 30 0d
              0x02050029  cls=0x00 idx=0 dev=41

    6100.0ms  TX  ──►  [1.3]  54 30 32 30 35 30 30 32 39 38 65 35 64 38 37 63 34 34 30 30 30 30 30 30 30 30 0d
              0x02050029  cls=0x00 idx=0 dev=41

    6119.7ms  TX  ──►  [1.3]  54 30 32 30 35 30 30 32 39 38 65 35 64 38 37 63 34 34 30 30 30 30 30 30 30 30 0d
              0x02050029  cls=0x00 idx=0 dev=41

    6139.4ms  TX  ──►  [1.3]  54 30 32 30 35 30 30 32 39 38 65 35 64 38 37 63 34 34 30 30 30 30 30 30 30 30 0d
              0x02050029  cls=0x00 idx=0 dev=41

    6169.3ms  TX  ──►  [1.3]  54 30 32 30 35 30 30 32 39 38 65 35 64 38 37 63 34 34 30 30 30 30 30 30 30 30 0d
              0x02050029  cls=0x00 idx=0 dev=41

    6189.8ms  TX  ──►  [1.3]  54 30 32 30 35 30 30 32 39 38 65 35 64 38 37 63 34 34 30 30 30 30 30 30 30 30 0d
              0x02050029  cls=0x00 idx=0 dev=41

    6219.7ms  TX  ──►  [1.3]  54 30 32 30 35 30 30 32 39 38 65 35 64 38 37 63 34 34 30 30 30 30 30 30 30 30 0d
              0x02050029  cls=0x00 idx=0 dev=41

    6240.4ms  TX  ──►  [1.3]  54 30 32 30 35 30 30 32 39 38 65 35 64 38 37 63 34 34 30 30 30 30 30 30 30 30 0d
              0x02050029  cls=0x00 idx=0 dev=41

    6269.9ms  TX  ──►  [1.3]  54 30 32 30 35 30 30 32 39 38 65 35 64 38 37 63 34 34 30 30 30 30 30 30 30 30 0d
              0x02050029  cls=0x00 idx=0 dev=41

    6289.9ms  TX  ──►  [1.3]  54 30 32 30 35 30 30 32 39 38 65 35 64 38 37 63 34 34 30 30 30 30 30 30 30 30 0d
              0x02050029  cls=0x00 idx=0 dev=41

    6309.3ms  TX  ──►  [1.3]  54 30 32 30 35 30 30 32 39 38 65 35 64 38 37 63 34 34 30 30 30 30 30 30 30 30 0d
              0x02050029  cls=0x00 idx=0 dev=41

    6330.3ms  TX  ──►  [1.3]  54 30 32 30 35 30 30 32 39 38 65 35 64 38 37 63 34 34 30 30 30 30 30 30 30 30 0d
              0x02050029  cls=0x00 idx=0 dev=41

    6350.5ms  TX  ──►  [1.3]  54 30 32 30 35 30 30 32 39 38 65 35 64 38 37 63 34 34 30 30 30 30 30 30 30 30 0d
              0x02050029  cls=0x00 idx=0 dev=41

    6380.2ms  TX  ──►  [1.3]  54 30 32 30 35 30 30 32 39 38 65 35 64 38 37 63 34 34 30 30 30 30 30 30 30 30 0d
              0x02050029  cls=0x00 idx=0 dev=41

    6400.3ms  TX  ──►  [1.3]  54 30 32 30 35 30 30 32 39 38 65 35 64 38 37 63 34 34 30 30 30 30 30 30 30 30 0d
              0x02050029  cls=0x00 idx=0 dev=41

    6421.6ms  TX  ──►  [1.3]  54 30 32 30 35 30 30 32 39 38 65 35 64 38 37 63 34 34 30 30 30 30 30 30 30 30 0d
              0x02050029  cls=0x00 idx=0 dev=41

    6441.9ms  TX  ──►  [1.3]  54 30 32 30 35 30 30 32 39 38 65 35 64 38 37 63 34 34 30 30 30 30 30 30 30 30 0d
              0x02050029  cls=0x00 idx=0 dev=41

    6462.6ms  TX  ──►  [1.3]  54 30 32 30 35 30 30 32 39 38 65 35 64 38 37 63 34 34 30 30 30 30 30 30 30 30 0d
              0x02050029  cls=0x00 idx=0 dev=41

    6483.2ms  TX  ──►  [1.3]  54 30 32 30 35 30 30 32 39 38 65 35 64 38 37 63 34 34 30 30 30 30 30 30 30 30 0d
              0x02050029  cls=0x00 idx=0 dev=41

    6502.6ms  TX  ──►  [1.3]  54 30 32 30 35 30 30 32 39 38 65 35 64 38 37 63 34 34 30 30 30 30 30 30 30 30 0d
              0x02050029  cls=0x00 idx=0 dev=41

    6536.2ms  TX  ──►  [1.3]  54 30 32 30 35 30 30 32 39 38 65 35 64 38 37 63 34 34 30 30 30 30 30 30 30 30 0d
              0x02050029  cls=0x00 idx=0 dev=41

    6556.8ms  TX  ──►  [1.3]  54 30 32 30 35 30 30 32 39 38 65 35 64 38 37 63 34 34 30 30 30 30 30 30 30 30 0d
              0x02050029  cls=0x00 idx=0 dev=41

    6586.3ms  TX  ──►  [1.3]  54 30 32 30 35 30 30 32 39 38 65 35 64 38 37 63 34 34 30 30 30 30 30 30 30 30 0d
              0x02050029  cls=0x00 idx=0 dev=41

    6607.3ms  TX  ──►  [1.3]  54 30 32 30 35 30 30 32 39 38 65 35 64 38 37 63 34 34 30 30 30 30 30 30 30 30 0d
              0x02050029  cls=0x00 idx=0 dev=41

    6636.3ms  TX  ──►  [1.3]  54 30 32 30 35 30 30 32 39 38 65 35 64 38 37 63 34 34 30 30 30 30 30 30 30 30 0d
              0x02050029  cls=0x00 idx=0 dev=41

    6656.2ms  TX  ──►  [1.3]  54 30 32 30 35 30 30 32 39 38 65 35 64 38 37 63 34 34 30 30 30 30 30 30 30 30 0d
              0x02050029  cls=0x00 idx=0 dev=41

    6686.5ms  TX  ──►  [1.3]  54 30 32 30 35 30 30 32 39 38 65 35 64 38 37 63 34 34 30 30 30 30 30 30 30 30 0d
              0x02050029  cls=0x00 idx=0 dev=41

    6706.8ms  TX  ──►  [1.3]  54 30 32 30 35 30 30 32 39 38 65 35 64 38 37 63 34 34 30 30 30 30 30 30 30 30 0d
              0x02050029  cls=0x00 idx=0 dev=41

    6736.4ms  TX  ──►  [1.3]  54 30 32 30 35 30 30 32 39 38 65 35 64 38 37 63 34 34 30 30 30 30 30 30 30 30 0d
              0x02050029  cls=0x00 idx=0 dev=41

    6757.5ms  TX  ──►  [1.3]  54 30 32 30 35 30 30 32 39 38 65 35 64 38 37 63 34 34 30 30 30 30 30 30 30 30 0d
              0x02050029  cls=0x00 idx=0 dev=41

    6786.3ms  TX  ──►  [1.3]  54 30 32 30 35 30 30 32 39 38 65 35 64 38 37 63 34 34 30 30 30 30 30 30 30 30 0d
              0x02050029  cls=0x00 idx=0 dev=41

    6806.9ms  TX  ──►  [1.3]  54 30 32 30 35 30 30 32 39 38 65 35 64 38 37 63 34 34 30 30 30 30 30 30 30 30 0d
              0x02050029  cls=0x00 idx=0 dev=41

    6836.6ms  TX  ──►  [1.3]  54 30 32 30 35 30 30 32 39 38 65 35 64 38 37 63 34 34 30 30 30 30 30 30 30 30 0d
              0x02050029  cls=0x00 idx=0 dev=41

    6866.1ms  TX  ──►  [1.3]  54 30 32 30 35 30 30 32 39 38 65 35 64 38 37 63 34 34 30 30 30 30 30 30 30 30 0d
              0x02050029  cls=0x00 idx=0 dev=41

    6886.5ms  TX  ──►  [1.3]  54 30 32 30 35 30 30 32 39 38 65 35 64 38 37 63 34 34 30 30 30 30 30 30 30 30 0d
              0x02050029  cls=0x00 idx=0 dev=41

    6907.3ms  TX  ──►  [1.3]  54 30 32 30 35 30 30 32 39 38 65 35 64 38 37 63 34 34 30 30 30 30 30 30 30 30 0d
              0x02050029  cls=0x00 idx=0 dev=41

    6936.9ms  TX  ──►  [1.3]  54 30 32 30 35 30 30 32 39 38 65 35 64 38 37 63 34 34 30 30 30 30 30 30 30 30 0d
              0x02050029  cls=0x00 idx=0 dev=41

    6957.0ms  TX  ──►  [1.3]  54 30 32 30 35 30 30 32 39 38 65 35 64 38 37 63 34 34 30 30 30 30 30 30 30 30 0d
              0x02050029  cls=0x00 idx=0 dev=41

    6986.1ms  TX  ──►  [1.3]  54 30 32 30 35 30 30 32 39 38 65 35 64 38 37 63 34 34 30 30 30 30 30 30 30 30 0d
              0x02050029  cls=0x00 idx=0 dev=41

    7006.7ms  TX  ──►  [1.3]  54 30 32 30 35 30 30 32 39 38 65 35 64 38 37 63 34 34 30 30 30 30 30 30 30 30 0d
              0x02050029  cls=0x00 idx=0 dev=41

    7036.2ms  TX  ──►  [1.3]  54 30 32 30 35 30 30 32 39 38 65 35 64 38 37 63 34 34 30 30 30 30 30 30 30 30 0d
              0x02050029  cls=0x00 idx=0 dev=41

    7067.9ms  TX  ──►  [1.3]  54 30 32 30 35 30 30 32 39 38 65 35 64 38 37 63 34 34 30 30 30 30 30 30 30 30 0d
              0x02050029  cls=0x00 idx=0 dev=41

    7096.7ms  TX  ──►  [1.3]  54 30 32 30 35 30 30 32 39 38 65 35 64 38 37 63 34 34 30 30 30 30 30 30 30 30 0d
              0x02050029  cls=0x00 idx=0 dev=41

    7117.8ms  TX  ──►  [1.3]  54 30 32 30 35 30 30 32 39 38 65 35 64 38 37 63 34 34 30 30 30 30 30 30 30 30 0d
              0x02050029  cls=0x00 idx=0 dev=41

    7138.1ms  TX  ──►  [1.3]  54 30 32 30 35 30 30 32 39 38 65 35 64 38 37 63 34 34 30 30 30 30 30 30 30 30 0d
              0x02050029  cls=0x00 idx=0 dev=41

    7158.7ms  TX  ──►  [1.3]  54 30 32 30 35 30 30 32 39 38 65 35 64 38 37 63 34 34 30 30 30 30 30 30 30 30 0d
              0x02050029  cls=0x00 idx=0 dev=41

    7179.7ms  TX  ──►  [1.3]  54 30 32 30 35 30 30 32 39 38 65 35 64 38 37 63 34 34 30 30 30 30 30 30 30 30 0d
              0x02050029  cls=0x00 idx=0 dev=41

    7199.9ms  TX  ──►  [1.3]  54 30 32 30 35 30 30 32 39 38 65 35 64 38 37 63 34 34 30 30 30 30 30 30 30 30 0d
              0x02050029  cls=0x00 idx=0 dev=41

    7220.4ms  TX  ──►  [1.3]  54 30 32 30 35 30 30 32 39 38 65 35 64 38 37 63 34 34 30 30 30 30 30 30 30 30 0d
              0x02050029  cls=0x00 idx=0 dev=41

    7241.1ms  TX  ──►  [1.3]  54 30 32 30 35 30 30 32 39 38 65 35 64 38 37 63 34 34 30 30 30 30 30 30 30 30 0d
              0x02050029  cls=0x00 idx=0 dev=41

    7261.2ms  TX  ──►  [1.3]  54 30 32 30 35 30 30 32 39 38 65 35 64 38 37 63 34 34 30 30 30 30 30 30 30 30 0d
              0x02050029  cls=0x00 idx=0 dev=41

    7281.9ms  TX  ──►  [1.3]  54 30 32 30 35 30 30 32 39 38 65 35 64 38 37 63 34 34 30 30 30 30 30 30 30 30 0d
              0x02050029  cls=0x00 idx=0 dev=41

    7303.2ms  TX  ──►  [1.3]  54 30 32 30 35 30 30 32 39 38 65 35 64 38 37 63 34 34 30 30 30 30 30 30 30 30 0d
              0x02050029  cls=0x00 idx=0 dev=41

    7322.7ms  TX  ──►  [1.3]  54 30 32 30 35 30 30 32 39 38 65 35 64 38 37 63 34 34 30 30 30 30 30 30 30 30 0d
              0x02050029  cls=0x00 idx=0 dev=41

    7343.4ms  TX  ──►  [1.3]  54 30 32 30 35 30 30 32 39 38 65 35 64 38 37 63 34 34 30 30 30 30 30 30 30 30 0d
              0x02050029  cls=0x00 idx=0 dev=41

    7363.7ms  TX  ──►  [1.3]  54 30 32 30 35 30 30 32 39 38 65 35 64 38 37 63 34 34 30 30 30 30 30 30 30 30 0d
              0x02050029  cls=0x00 idx=0 dev=41

